400.0 0.0648815 0.16734 0.0666747 0.5272 5.8e-5 109.7
401.0 0.0667318 0.167607 0.0640556 0.5262 5.852e-5 103.7
402.0 0.0685513 0.167184 0.0619332 0.5252 5.9e-5 97.98
403.0 0.0699821 0.167207 0.0599215 0.5242 5.989e-5 92.44
404.0 0.0709 0.167613 0.058277 0.5232 6.1e-5 87.13
405.0 0.0713334 0.167596 0.0566994 0.5222 6.203e-5 82.31
406.0 0.0713202 0.167513 0.0553657 0.5212 6.3e-5 78.06
407.0 0.0712604 0.167426 0.0541628 0.5202 6.399e-5 74.04
408.0 0.0712231 0.167239 0.0531158 0.5192 6.5e-5 70.13
409.0 0.071228 0.166682 0.0519797 0.5182 6.603e-5 66.54
410.0 0.0714914 0.165882 0.0509515 0.5172 6.7e-5 63.0
411.0 0.0718877 0.165517 0.0501165 0.5162 6.79e-5 59.54
412.0 0.0720185 0.165446 0.0493873 0.5152 6.9e-5 56.16
413.0 0.0718268 0.165689 0.0486038 0.5142 7.05e-5 53.0
414.0 0.0714934 0.166088 0.0478761 0.5132 7.2e-5 50.01
415.0 0.0711319 0.166189 0.0473795 0.5122 7.312e-5 47.23
416.0 0.0707629 0.166288 0.0468987 0.5112 7.4e-5 44.63
417.0 0.0704367 0.166456 0.0465315 0.5102 7.49e-5 42.2
418.0 0.070094 0.166622 0.0461572 0.5092 7.6e-5 39.96
419.0 0.0698404 0.166873 0.0457923 0.5082 7.74e-5 37.8
420.0 0.0698193 0.167164 0.0454286 0.5072 7.9e-5 35.67
421.0 0.0700539 0.167544 0.0451439 0.5062 8.063e-5 33.62
422.0 0.0702815 0.16798 0.0448451 0.5052 8.2e-5 31.7
423.0 0.070503 0.168439 0.0445356 0.5042 8.297e-5 29.93
424.0 0.0704727 0.168599 0.0442495 0.5032 8.4e-5 28.32
425.0 0.0705277 0.168474 0.0441159 0.5022 8.551e-5 26.79
426.0 0.0708095 0.168142 0.0439576 0.5012 8.7e-5 25.35
427.0 0.0713124 0.168 0.043874 0.5002 8.8e-5 24.02
428.0 0.0716223 0.167725 0.0438046 0.4992 8.9e-5 22.76
429.0 0.0719053 0.167413 0.0438581 0.4982 9.05e-5 21.5
430.0 0.0724491 0.167551 0.0438612 0.4972 9.2e-5 20.24
431.0 0.0730907 0.167744 0.0439124 0.496 9.3e-5 19.01
432.0 0.0736521 0.167905 0.0439588 0.4948 9.4e-5 17.85
433.0 0.074047 0.167971 0.0440366 0.4936 9.55e-5 16.76
434.0 0.0743349 0.167937 0.0441105 0.4924 9.7e-5 15.75
435.0 0.0745425 0.167973 0.0442029 0.4912 9.801e-5 14.81
436.0 0.0746911 0.168177 0.0442768 0.49 9.9e-5 13.92
437.0 0.0746534 0.168322 0.0443989 0.4888 0.0001005 13.12
438.0 0.0745703 0.168695 0.0445095 0.4876 0.000102 12.33
439.0 0.0742853 0.169163 0.0446471 0.4864 0.0001031 11.61
440.0 0.0737942 0.169569 0.0447865 0.4852 0.000104 10.96
441.0 0.072818 0.169678 0.0449193 0.484 0.000105 10.41
442.0 0.0716223 0.169631 0.0450615 0.4829 0.000106 9.924
443.0 0.0704587 0.1699 0.0452269 0.4817 0.000107 9.41
444.0 0.0691047 0.169905 0.0454154 0.4805 0.000108 8.947
445.0 0.0675675 0.169815 0.0455895 0.4793 0.000109 8.508
446.0 0.0660264 0.16977 0.0457528 0.4781 0.00011 8.087
447.0 0.0644919 0.16973 0.045857 0.4769 0.000111 7.64
448.0 0.0626681 0.169345 0.045994 0.4757 0.000112 7.268
449.0 0.0607546 0.168568 0.0461954 0.4745 0.000113 6.939
450.0 0.0587747 0.167441 0.0464136 0.4733 0.000114 6.66
451.0 0.0567782 0.166023 0.0466797 0.472 0.000115 6.422
452.0 0.0547324 0.164464 0.046953 0.4708 0.000116 6.222
453.0 0.0528441 0.162899 0.0471624 0.4695 0.000117 6.01
454.0 0.0511254 0.161362 0.04736 0.4683 0.000118 5.782
455.0 0.0495729 0.15978 0.0475935 0.467 0.000119 5.573
456.0 0.048139 0.158224 0.0478138 0.4658 0.00012 5.37
457.0 0.0468009 0.156555 0.0480817 0.4645 0.000121 5.173
458.0 0.0456455 0.154969 0.0483353 0.4633 0.000122 4.946
459.0 0.0446906 0.153299 0.0485953 0.462 0.000123 4.761
460.0 0.0438733 0.151672 0.0488393 0.4608 0.000124 4.575
461.0 0.0431621 0.149969 0.0491231 0.4597 0.000125 4.419
462.0 0.0426533 0.148319 0.0493705 0.4587 0.000126 4.259
463.0 0.0422062 0.146765 0.0496082 0.4577 0.000127 4.117
464.0 0.0417743 0.145076 0.0498409 0.4566 0.000128 4.006
465.0 0.0412972 0.143493 0.050136 0.4556 0.0001289 3.945
466.0 0.0409113 0.142004 0.0504203 0.4546 0.00013 3.853
467.0 0.0405705 0.14055 0.0507836 0.4535 0.0001315 3.784
468.0 0.0403017 0.139191 0.0511498 0.4525 0.000133 3.671
469.0 0.0400089 0.138023 0.0515566 0.4515 0.000134 3.554
470.0 0.0397273 0.137008 0.0519406 0.4504 0.000135 3.462
471.0 0.0395205 0.136145 0.0523872 0.4494 0.0001364 3.363
472.0 0.039292 0.13548 0.0528197 0.4484 0.000138 3.282
473.0 0.0390352 0.134998 0.0534087 0.4473 0.0001396 3.184
474.0 0.0387726 0.134639 0.0539897 0.4463 0.000141 3.102
475.0 0.0385228 0.134366 0.0544621 0.4453 0.0001424 3.051
476.0 0.0382599 0.134169 0.0549398 0.4442 0.000144 2.983
477.0 0.0378812 0.133937 0.055543 0.4432 0.0001459 2.947
478.0 0.03751 0.133745 0.0561548 0.4422 0.000148 2.913
479.0 0.0371492 0.133557 0.0566378 0.4411 0.0001499 2.869
480.0 0.0367757 0.133271 0.0571515 0.4401 0.000152 2.803
481.0 0.0363 0.132787 0.0576893 0.4388 0.0001544 2.777
482.0 0.0357606 0.132173 0.0582652 0.4375 0.000157 2.751
483.0 0.03521 0.131409 0.058847 0.4362 0.0001596 2.726
484.0 0.0345829 0.130422 0.0594778 0.435 0.000162 2.702
485.0 0.0339091 0.129222 0.0600537 0.4337 0.0001643 2.679
486.0 0.0331842 0.127818 0.0606698 0.4324 0.000167 2.656
487.0 0.0323774 0.126314 0.061221 0.4311 0.0001704 2.634
488.0 0.0315189 0.124566 0.0618094 0.4298 0.000174 2.613
489.0 0.0305842 0.122692 0.0623585 0.4285 0.0001775 2.593
490.0 0.0296622 0.120655 0.0629224 0.4272 0.000181 2.573
491.0 0.0286992 0.118603 0.0634338 0.426 0.0001849 2.554
492.0 0.0276921 0.11652 0.0639703 0.4247 0.000189 2.536
493.0 0.0266404 0.11441 0.0644618 0.4234 0.0001934 2.519
494.0 0.0255901 0.112274 0.0649644 0.4221 0.000198 2.502
495.0 0.0245165 0.110113 0.0654305 0.4208 0.0002031 2.486
496.0 0.0234283 0.10793 0.0659096 0.4195 0.000209 2.471
497.0 0.0223279 0.105726 0.0663776 0.4183 0.0002158 2.457
498.0 0.0212239 0.103502 0.0668519 0.417 0.000223 2.443
499.0 0.0201366 0.101261 0.0673086 0.4157 0.0002303 2.43
500.0 0.0190485 0.0990044 0.0677709 0.4144 0.000238 2.417
501.0 0.0179798 0.0967335 0.0681326 0.4135 0.0002463 2.405
502.0 0.0169429 0.0944502 0.0684792 0.4127 0.000255 2.394
503.0 0.0159234 0.0921564 0.0688146 0.4118 0.000264 2.384
504.0 0.0149343 0.0898536 0.0691402 0.4109 0.000273 2.374
505.0 0.0139785 0.0875437 0.0693615 0.41 0.0002819 2.365
506.0 0.0130497 0.0852284 0.069563 0.4092 0.000291 2.356
507.0 0.0121542 0.0829094 0.069828 0.4083 0.0003004 2.348
508.0 0.0112959 0.0805884 0.0700735 0.4074 0.00031 2.341
509.0 0.01048 0.0782671 0.0702792 0.4065 0.0003194 2.334
510.0 0.00970081 0.0759473 0.0704719 0.4057 0.000329 2.328
511.0 0.00895396 0.0736308 0.0706789 0.4047 0.000339 2.323
512.0 0.0082461 0.0713191 0.0708719 0.4038 0.000349 2.318
513.0 0.00758 0.0690141 0.0710254 0.4028 0.0003588 2.314
514.0 0.00695743 0.0667175 0.0711652 0.4019 0.000368 2.31
515.0 0.00638669 0.064431 0.0712852 0.4009 0.0003767 2.307
516.0 0.00586805 0.0621564 0.0713896 0.4 0.000386 2.304
517.0 0.00540153 0.0598953 0.0714865 0.399 0.0003962 2.302
518.0 0.00499129 0.0576495 0.0715735 0.3981 0.000404 2.301
519.0 0.00463493 0.0554207 0.0716303 0.3971 0.0004069 2.3
520.0 0.00433379 0.0532106 0.0716821 0.3962 0.000409 2.3
521.0 0.00408503 0.0510211 0.0717393 0.3952 0.0004138 2.3
522.0 0.00388739 0.0488537 0.0717754 0.3943 0.000416 2.3
523.0 0.00374206 0.0467102 0.0718152 0.3933 0.0004112 2.3
524.0 0.00365252 0.0445924 0.0718641 0.3924 0.000409 2.3
525.0 0.00361178 0.042502 0.0719587 0.3914 0.0004176 2.3
526.0 0.00361934 0.0404407 0.0720597 0.3905 0.000427 2.3
527.0 0.00367282 0.0384102 0.0721526 0.3895 0.0004268 2.3
528.0 0.00376967 0.0364122 0.0722403 0.3886 0.000423 2.3
529.0 0.00390324 0.0344486 0.0722952 0.3876 0.0004237 2.3
530.0 0.00406899 0.0325209 0.0723492 0.3867 0.000429 2.3
531.0 0.00426366 0.030631 0.0724141 0.3846 0.0004371 2.3
532.0 0.00448428 0.0287806 0.0724758 0.3824 0.000445 2.3
533.0 0.00472995 0.0269713 0.0725103 0.3803 0.0004506 2.3
534.0 0.00499348 0.025205 0.0725285 0.3782 0.000456 2.3
535.0 0.00527276 0.0234833 0.0725289 0.376 0.0004631 2.3
536.0 0.00556455 0.0218079 0.0725061 0.3739 0.00047 2.3
537.0 0.00586623 0.0201807 0.0724327 0.3718 0.0004748 2.3
538.0 0.00617059 0.0186033 0.0723404 0.3696 0.00048 2.3
539.0 0.00647922 0.0170774 0.0722102 0.3675 0.0004879 2.3
540.0 0.0067864 0.0156048 0.0720633 0.3654 0.000495 2.3
541.0 0.00709 0.0141872 0.0718369 0.3639 0.0004983 2.3
542.0 0.007388 0.0128264 0.0716024 0.3625 0.000503 2.3
543.0 0.00767415 0.011524 0.0713427 0.3611 0.0005141 2.3
544.0 0.00794833 0.0102818 0.0710671 0.3597 0.000527 2.3
545.0 0.00820829 0.00910146 0.0707065 0.3582 0.0005363 2.3
546.0 0.00845364 0.00798479 0.0703069 0.3568 0.000544 2.3
547.0 0.00868499 0.00693348 0.0698401 0.3554 0.0005532 2.3
548.0 0.00890368 0.00594925 0.0693554 0.354 0.000564 2.3
549.0 0.0091119 0.00503384 0.0687563 0.3525 0.0005759 2.3
550.0 0.00930939 0.00418898 0.0681398 0.3511 0.000588 2.3
551.0 0.00950012 0.00341638 0.06744 0.35 0.0005998 2.3
552.0 0.00968213 0.00271778 0.0667326 0.3489 0.000611 2.3
553.0 0.00986391 0.0020949 0.0659041 0.3478 0.0006215 2.3
554.0 0.01004 0.00154947 0.0650612 0.3467 0.000631 2.3
555.0 0.0102144 0.00108322 0.0642103 0.3456 0.0006391 2.3
556.0 0.0103855 0.000697863 0.0633575 0.3445 0.000646 2.3
557.0 0.0105557 0.000395138 0.0624373 0.3434 0.000652 2.3
558.0 0.0107242 0.000176768 0.0615175 0.3423 0.000658 2.3
559.0 0.0108889 4.44797e-5 0.0605785 0.3412 0.0006647 2.3
560.0 0.011048 2.13163e-13 0.0596515 0.3401 0.000672 2.3
561.0 0.0112169 0.0 0.0586113 0.3383 0.0006793 2.3
562.0 0.0114015 0.0 0.057591 0.3366 0.000686 2.3
563.0 0.0116055 0.0 0.0565542 0.3348 0.000692 2.3
564.0 0.0118272 0.0 0.0555431 0.333 0.000699 2.3
565.0 0.0120748 0.0 0.0543786 0.3312 0.0007084 2.3
566.0 0.0123402 0.0 0.0532432 0.3294 0.000718 2.3
567.0 0.012628 0.0 0.052056 0.3276 0.0007257 2.3
568.0 0.012933 0.0 0.0509 0.3258 0.000734 2.3
569.0 0.0132595 0.0 0.0496714 0.3241 0.0007455 2.3
570.0 0.0135979 0.0 0.0484808 0.3223 0.000759 2.3
571.0 0.0139469 0.0 0.0473085 0.3202 0.0007729 2.3
572.0 0.0143014 0.0 0.0461743 0.3182 0.000787 2.3
573.0 0.0146577 0.0 0.0450001 0.3162 0.000802 2.3
574.0 0.0150102 0.0 0.0438705 0.3141 0.000819 2.3
575.0 0.0153567 0.0 0.0427812 0.3121 0.0008386 2.3
576.0 0.0156935 0.0 0.0417338 0.31 0.000858 2.3
577.0 0.0160234 0.0 0.0406179 0.308 0.0008754 2.3
578.0 0.0163397 0.0 0.0395431 0.3059 0.000896 2.3
579.0 0.0166478 0.0 0.0384569 0.3039 0.0009238 2.3
580.0 0.0169452 0.0 0.037412 0.3019 0.000952 2.3
581.0 0.0172407 0.0 0.0362003 0.2999 0.0009745 2.3
582.0 0.0175269 0.0 0.0350426 0.2979 0.001 2.3
583.0 0.0178005 0.0 0.0339189 0.2959 0.001037 2.3
584.0 0.0180658 0.0 0.0328458 0.294 0.001079 2.3
585.0 0.0183248 0.0 0.0317012 0.292 0.001119 2.3
586.0 0.0185679 0.0 0.0306065 0.29 0.001159 2.3
587.0 0.0188 0.0 0.0296161 0.2881 0.001204 2.3
588.0 0.0190186 0.0 0.0286652 0.2861 0.001253 2.3
589.0 0.0192278 0.0 0.0277151 0.2841 0.001304 2.3
590.0 0.0194191 0.0 0.0268029 0.2821 0.001356 2.3
591.0 0.0195991 0.0 0.0259512 0.2803 0.001408 2.3
592.0 0.0197663 0.0 0.0251335 0.2784 0.001459 2.3
593.0 0.0199222 0.0 0.0242929 0.2766 0.00151 2.3
594.0 0.0200656 0.0 0.0234865 0.2747 0.001567 2.3
595.0 0.0201988 0.0 0.0226866 0.2728 0.001635 2.3
596.0 0.0203266 0.0 0.0219176 0.271 0.0017 2.3
597.0 0.0204577 0.0 0.0210849 0.2691 0.001758 2.3
598.0 0.0205849 0.0 0.0202843 0.2673 0.00186 2.3
599.0 0.0207154 0.0 0.0194972 0.2654 0.002042 2.3
600.0 0.020854 0.0 0.0187401 0.2636 0.002224 2.3
601.0 0.0210068 0.0 0.017977 0.2618 0.002323 2.3
602.0 0.0211716 0.0 0.0172421 0.2601 0.002366 2.3
603.0 0.0213477 0.0 0.0166044 0.2584 0.0024 2.3
604.0 0.0215458 0.0 0.015987 0.2566 0.002448 2.3
605.0 0.0217636 0.0 0.0154096 0.2549 0.002519 2.3
606.0 0.0220033 0.0 0.0148447 0.2532 0.002587 2.3
607.0 0.022268 0.0 0.0143173 0.2515 0.002629 2.3
608.0 0.0225525 0.0 0.0138003 0.2497 0.002653 2.3
609.0 0.0228594 0.0 0.0132952 0.248 0.002674 2.3
610.0 0.0231769 0.0 0.0128011 0.2463 0.002691 2.3
611.0 0.0235022 0.0 0.0123363 0.2447 0.002704 2.3
612.0 0.0238419 0.0 0.0118837 0.2431 0.002715 2.3
613.0 0.0241985 0.0 0.0113936 0.2414 0.002727 2.3
614.0 0.024561 0.0 0.0109184 0.2398 0.00274 2.3
615.0 0.024917 0.0 0.0104635 0.2382 0.002753 2.3
616.0 0.0252691 0.0 0.0100219 0.2366 0.002764 2.3
617.0 0.0256167 0.0 0.00958084 0.235 0.002775 2.3
618.0 0.0259503 0.0 0.00915534 0.2334 0.002785 2.3
619.0 0.0262545 0.0 0.00877663 0.2318 0.002797 2.3
620.0 0.0265303 0.0 0.00841103 0.2302 0.00281 2.3
621.0 0.0267861 0.0 0.00805235 0.2288 0.002824 2.3
622.0 0.0270098 0.0 0.00770727 0.2273 0.002839 2.3
623.0 0.0272066 0.0 0.00737548 0.2258 0.002854 2.3
624.0 0.0273792 0.0 0.00705665 0.2244 0.002868 2.3
625.0 0.0275228 0.0 0.00675045 0.2229 0.002881 2.3
626.0 0.0276449 0.0 0.00645657 0.2215 0.002893 2.3
627.0 0.0277392 0.0 0.00617467 0.22 0.002907 2.3
628.0 0.0278211 0.0 0.00590444 0.2185 0.002922 2.3
629.0 0.0278951 0.0 0.00564554 0.2171 0.002938 2.3
630.0 0.0279776 0.0 0.00539765 0.2156 0.002955 2.3
631.0 0.0280723 0.0 0.00516045 0.2143 0.002972 2.3
632.0 0.0281944 0.0 0.00493362 0.2129 0.002988 2.3
633.0 0.0283603 0.0 0.00471682 0.2115 0.003 2.3
634.0 0.0285729 0.0 0.00450973 0.2102 0.003011 2.3
635.0 0.028846 0.0 0.00431204 0.2088 0.003023 2.3
636.0 0.0291814 0.0 0.00412341 0.2074 0.003038 2.3
637.0 0.0295993 0.0 0.00394352 0.2061 0.003057 2.3
638.0 0.0300771 0.0 0.00377204 0.2047 0.003076 2.3
639.0 0.0306343 0.0 0.00360865 0.2033 0.003094 2.3
640.0 0.0312475 0.0 0.00345303 0.202 0.003111 2.3
641.0 0.0319268 0.0 0.00330485 0.2007 0.003127 2.3
642.0 0.0326585 0.0 0.00316378 0.1994 0.003144 2.3
643.0 0.0334412 0.0 0.00302951 0.1981 0.003162 2.3
644.0 0.0342546 0.0 0.0029017 0.1968 0.003181 2.3
645.0 0.0351007 0.0 0.00278004 0.1955 0.003202 2.3
646.0 0.0359489 0.0 0.00266419 0.1942 0.003223 2.3
647.0 0.0367793 0.0 0.00255383 0.1929 0.003242 2.3
648.0 0.037588 0.0 0.00244865 0.1916 0.003263 2.3
649.0 0.0383232 0.0 0.0023483 0.1903 0.003289 2.3
650.0 0.0390136 0.0 0.00225247 0.189 0.003315 2.3
651.0 0.0396312 0.0 0.00216084 0.1878 0.003338 2.3
652.0 0.0402217 0.0 0.00207308 0.1865 0.003362 2.3
653.0 0.0408042 0.0 0.00198886 0.1853 0.00339 2.3
654.0 0.0414183 0.0 0.00190786 0.1841 0.003423 2.3
655.0 0.0421067 0.0 0.00182975 0.1829 0.003461 2.3
656.0 0.04288 0.0 0.00175422 0.1816 0.003508 2.3
657.0 0.0438083 0.0 0.00168093 0.1804 0.003567 2.3
658.0 0.0448612 0.0 0.00160956 0.1792 0.003636 2.3
659.0 0.0461069 0.0 0.00153979 0.178 0.003712 2.3
660.0 0.0474949 0.0 0.00147128 0.1768 0.003791 2.3
661.0 0.0491126 0.0 0.00140373 0.1755 0.003866 2.3
662.0 0.0508487 0.0 0.0013368 0.1742 0.003931 2.3
663.0 0.0527301 0.0 0.00127016 0.1729 0.003981 2.3
664.0 0.0546996 0.0 0.0012035 0.1717 0.004019 2.3
665.0 0.0567611 0.0 0.00113648 0.1704 0.004049 2.3
666.0 0.0588679 0.0 0.00106879 0.1691 0.004072 2.3
667.0 0.0608295 0.0 0.0010001 0.1679 0.004087 2.3
668.0 0.06275 0.0 0.000930077 0.1666 0.004098 2.3
669.0 0.0644721 0.0 0.000858406 0.1653 0.004109 2.3
670.0 0.0661121 0.0 0.000784759 0.1641 0.004122 2.3
671.0 0.0674706 0.0 0.000710017 0.1627 0.004137 2.3
672.0 0.0686749 0.0 0.000638835 0.1613 0.00415 2.3
673.0 0.0696352 0.0 0.000571243 0.16 0.00416 2.3
674.0 0.0704652 0.0 0.000507271 0.1586 0.004173 2.3
675.0 0.0709948 0.0 0.000446948 0.1572 0.004196 2.3
676.0 0.0714015 0.0 0.000390303 0.1559 0.004223 2.3
677.0 0.0713582 0.0 0.000337366 0.1545 0.004248 2.3
678.0 0.0711272 0.0 0.000288166 0.1532 0.00427 2.3
679.0 0.0701854 0.0 0.000242734 0.1518 0.004293 2.3
680.0 0.0689206 0.0 0.000201097 0.1504 0.004318 2.3
681.0 0.0665762 0.0 0.000163286 0.1491 0.004347 2.3
682.0 0.0639476 0.0 0.00012933 0.1478 0.004381 2.3
683.0 0.0604821 0.0 9.92589e-5 0.1464 0.004418 2.3
684.0 0.0568583 0.0 7.31016e-5 0.1451 0.004458 2.3
685.0 0.0527473 0.0 5.08877e-5 0.1437 0.0045 2.3
686.0 0.0487258 0.0 3.26466e-5 0.1424 0.004545 2.3
687.0 0.044707 0.0 1.84079e-5 0.1411 0.004594 2.3
688.0 0.0408585 0.0 8.20091e-6 0.1397 0.004646 2.3
689.0 0.0371411 0.0 2.05514e-6 0.1384 0.004701 2.3
690.0 0.033671 0.0 0.0 0.137 0.00476 2.3
691.0 0.0304587 0.0 0.0 0.1358 0.004827 2.3
692.0 0.0275021 0.0 0.0 0.1345 0.004903 2.3
693.0 0.0247868 0.0 0.0 0.1333 0.004986 2.3
694.0 0.0223303 0.0 0.0 0.132 0.005071 2.3
695.0 0.0201436 0.0 0.0 0.1308 0.005154 2.3
696.0 0.0181733 0.0 0.0 0.1295 0.005244 2.3
697.0 0.0164205 0.0 0.0 0.1283 0.005351 2.3
698.0 0.0148521 0.0 0.0 0.127 0.00547 2.3
699.0 0.0134714 0.0 0.0 0.1258 0.005594 2.3
700.0 0.0122406 0.0 0.0 0.1245 0.005722 2.3
701.0 0.0111549 0.0 0.0 0.1234 0.005855 2.3
702.0 0.0101925 0.0 0.0 0.1223 0.005995 2.3
703.0 0.00934301 0.0 0.0 0.1212 0.006146 2.3
704.0 0.00858695 0.0 0.0 0.12 0.006303 2.3
705.0 0.00791505 0.0 0.0 0.1189 0.006463 2.3
706.0 0.00731259 0.0 0.0 0.1178 0.006628 2.3
707.0 0.00677109 0.0 0.0 0.1167 0.006804 2.3
708.0 0.0062803 0.0 0.0 0.1156 0.006993 2.3
709.0 0.00583221 0.0 0.0 0.1144 0.007197 2.3
710.0 0.00542144 0.0 0.0 0.1133 0.007415 2.3
711.0 0.0050449 0.0 0.0 0.1122 0.007647 2.3
712.0 0.00469652 0.0 0.0 0.1111 0.007893 2.3
713.0 0.00437346 0.0 0.0 0.11 0.008157 2.3
714.0 0.00407204 0.0 0.0 0.1089 0.008445 2.3
715.0 0.00379222 0.0 0.0 0.1078 0.008763 2.3
716.0 0.0035302 0.0 0.0 0.1067 0.009109 2.3
717.0 0.00328562 0.0 0.0 0.1056 0.009479 2.3
718.0 0.00305749 0.0 0.0 0.1046 0.009871 2.3
719.0 0.00284347 0.0 0.0 0.1035 0.01029 2.3
720.0 0.0026434 0.0 0.0 0.1024 0.01072 2.3
721.0 0.00245633 0.0 0.0 0.1013 0.01119 2.3
722.0 0.00228092 0.0 0.0 0.1003 0.01168 2.3
723.0 0.0021168 0.0 0.0 0.09931 0.01218 2.3
724.0 0.00196361 0.0 0.0 0.09829 0.01268 2.3
725.0 0.00182056 0.0 0.0 0.09727 0.01319 2.3
726.0 0.00168688 0.0 0.0 0.09625 0.01372 2.3
727.0 0.00156284 0.0 0.0 0.09524 0.01428 2.3
728.0 0.00144677 0.0 0.0 0.09422 0.01487 2.3
729.0 0.00133883 0.0 0.0 0.0932 0.01551 2.3
730.0 0.0012386 0.0 0.0 0.09218 0.01621 2.3
731.0 0.0011459 0.0 0.0 0.0912 0.01699 2.3
732.0 0.00105907 0.0 0.0 0.09022 0.01787 2.3
733.0 0.000978276 0.0 0.0 0.08924 0.01886 2.3
734.0 0.000904086 0.0 0.0 0.08827 0.01992 2.3
735.0 0.00083609 0.0 0.0 0.08729 0.02101 2.3
736.0 0.000772889 0.0 0.0 0.08631 0.02207 2.3
737.0 0.000715026 0.0 0.0 0.08533 0.02306 2.3
738.0 0.000661618 0.0 0.0 0.08435 0.02394 2.3
739.0 0.000612349 0.0 0.0 0.08337 0.02469 2.3
740.0 0.000567642 0.0 0.0 0.08239 0.02532 2.3
741.0 0.00052722 0.0 0.0 0.08155 0.02583 2.3
742.0 0.00048994 0.0 0.0 0.0807 0.02623 2.3
743.0 0.000456364 0.0 0.0 0.07985 0.02652 2.3
744.0 0.000425665 0.0 0.0 0.07901 0.02672 2.3
745.0 0.000398123 0.0 0.0 0.07816 0.02689 2.3
746.0 0.000373159 0.0 0.0 0.07732 0.02702 2.3
747.0 0.000351044 0.0 0.0 0.07647 0.02713 2.3
748.0 0.000331411 0.0 0.0 0.07562 0.02722 2.3
749.0 0.000313711 0.0 0.0 0.07478 0.02728 2.3
750.0 0.000298414 0.0 0.0 0.07393 0.02733 2.3
751.0 0.000283146 0.0 0.0 0.07319 0.02738 2.3
752.0 0.00026796 0.0 0.0 0.07245 0.02741 2.3
753.0 0.000252885 0.0 0.0 0.07171 0.02745 2.3
754.0 0.000237952 0.0 0.0 0.07097 0.02748 2.3
755.0 0.000223193 0.0 0.0 0.07023 0.02751 2.3
756.0 0.000208636 0.0 0.0 0.06949 0.02754 2.3
757.0 0.000194314 0.0 0.0 0.06875 0.02758 2.3
758.0 0.000180256 0.0 0.0 0.06801 0.02763 2.3
759.0 0.000166494 0.0 0.0 0.06727 0.02767 2.3
760.0 0.000153058 0.0 0.0 0.06653 0.02771 2.3
761.0 0.000139979 0.0 0.0 0.06586 0.02773 2.3
762.0 0.000127287 0.0 0.0 0.06519 0.02773 2.3
763.0 0.000115013 0.0 0.0 0.06452 0.02774 2.3
764.0 0.000103187 0.0 0.0 0.06385 0.02774 2.3
765.0 9.18411e-5 0.0 0.0 0.06318 0.02773 2.3
766.0 8.10049e-5 0.0 0.0 0.06251 0.0277 2.3
767.0 7.07092e-5 0.0 0.0 0.06184 0.02766 2.3
768.0 6.09847e-5 0.0 0.0 0.06117 0.02761 2.3
769.0 5.18621e-5 0.0 0.0 0.0605 0.02757 2.3
770.0 4.3372e-5 0.0 0.0 0.05983 0.02754 2.3
771.0 3.5545e-5 0.0 0.0 0.05913 0.02752 2.3
772.0 2.84118e-5 0.0 0.0 0.05843 0.02748 2.3
773.0 2.20031e-5 0.0 0.0 0.05773 0.02741 2.3
774.0 1.63494e-5 0.0 0.0 0.05704 0.02731 2.3
775.0 1.14814e-5 0.0 0.0 0.05634 0.0272 2.3
776.0 7.42983e-6 0.0 0.0 0.05564 0.0271 2.3
777.0 4.22525e-6 0.0 0.0 0.05494 0.02701 2.3
778.0 1.89832e-6 0.0 0.0 0.05424 0.0269 2.3
779.0 4.79687e-7 0.0 0.0 0.05354 0.02675 2.3
780.0 1.05249e-13 0.0 0.0 0.05284 0.02659 2.3
781.0 0.0 0.0 0.0 0.05226 0.02645 2.3
782.0 0.0 0.0 0.0 0.05167 0.02633 2.3
783.0 0.0 0.0 0.0 0.05109 0.02624 2.3
784.0 0.0 0.0 0.0 0.0505 0.02613 2.3
785.0 0.0 0.0 0.0 0.04992 0.02593 2.3
786.0 0.0 0.0 0.0 0.04933 0.02558 2.3
787.0 0.0 0.0 0.0 0.04874 0.02523 2.3
788.0 0.0 0.0 0.0 0.04816 0.02513 2.3
789.0 0.0 0.0 0.0 0.04757 0.02501 2.3
790.0 0.0 0.0 0.0 0.04699 0.02466 2.3
791.0 0.0 0.0 0.0 0.04646 0.02447 2.3
792.0 0.0 0.0 0.0 0.04594 0.02412 2.3
793.0 0.0 0.0 0.0 0.04542 0.02389 2.3
794.0 0.0 0.0 0.0 0.0449 0.02374 2.3
795.0 0.0 0.0 0.0 0.04437 0.02355 2.3
796.0 0.0 0.0 0.0 0.04385 0.02337 2.3
797.0 0.0 0.0 0.0 0.04333 0.02318 2.3
798.0 0.0 0.0 0.0 0.04281 0.02304 2.3
799.0 0.0 0.0 0.0 0.04228 0.02281 2.3
800.0 0.0 0.0 0.0 0.04176 0.02246 2.3
801.0 0.0 0.0 0.0 0.04128 0.02243 2.3
802.0 0.0 0.0 0.0 0.04081 0.02238 2.3
803.0 0.0 0.0 0.0 0.04033 0.02222 2.3
804.0 0.0 0.0 0.0 0.03985 0.02204 2.3
805.0 0.0 0.0 0.0 0.03937 0.02201 2.3
806.0 0.0 0.0 0.0 0.03889 0.02204 2.3
807.0 0.0 0.0 0.0 0.03841 0.02196 2.3
808.0 0.0 0.0 0.0 0.03793 0.02177 2.3
809.0 0.0 0.0 0.0 0.03746 0.0219 2.3
810.0 0.0 0.0 0.0 0.03698 0.02188 2.3
811.0 0.0 0.0 0.0 0.03657 0.02188 2.3
812.0 0.0 0.0 0.0 0.03615 0.02198 2.3
813.0 0.0 0.0 0.0 0.03574 0.0221 2.3
814.0 0.0 0.0 0.0 0.03533 0.02223 2.3
815.0 0.0 0.0 0.0 0.03492 0.02233 2.3
816.0 0.0 0.0 0.0 0.03451 0.02248 2.3
817.0 0.0 0.0 0.0 0.03409 0.02276 2.3
818.0 0.0 0.0 0.0 0.03368 0.02304 2.3
819.0 0.0 0.0 0.0 0.03327 0.02311 2.3
820.0 0.0 0.0 0.0 0.03286 0.02329 2.3
821.0 0.0 0.0 0.0 0.03249 0.02388 2.3
822.0 0.0 0.0 0.0 0.03212 0.02446 2.3
823.0 0.0 0.0 0.0 0.03175 0.02475 2.3
824.0 0.0 0.0 0.0 0.03139 0.02516 2.3
825.0 0.0 0.0 0.0 0.03102 0.0262 2.3
826.0 0.0 0.0 0.0 0.03065 0.02769 2.3
827.0 0.0 0.0 0.0 0.03028 0.0283 2.3
828.0 0.0 0.0 0.0 0.02991 0.02914 2.3
829.0 0.0 0.0 0.0 0.02954 0.03108 2.3
830.0 0.0 0.0 0.0 0.02918 0.03214 2.3
831.0 0.0 0.0 0.0 0.02885 0.03297 2.3
832.0 0.0 0.0 0.0 0.02852 0.03459 2.3
833.0 0.0 0.0 0.0 0.02819 0.03606 2.3
834.0 0.0 0.0 0.0 0.02786 0.03662 2.3
835.0 0.0 0.0 0.0 0.02753 0.03702 2.3
836.0 0.0 0.0 0.0 0.0272 0.03788 2.3
837.0 0.0 0.0 0.0 0.02688 0.03829 2.3
838.0 0.0 0.0 0.0 0.02655 0.03854 2.3
839.0 0.0 0.0 0.0 0.02622 0.03909 2.3
840.0 0.0 0.0 0.0 0.02589 0.03949 2.3
841.0 0.0 0.0 0.0 0.02559 0.03972 2.3
842.0 0.0 0.0 0.0 0.02529 0.04 2.3
843.0 0.0 0.0 0.0 0.02499 0.0404 2.3
844.0 0.0 0.0 0.0 0.02469 0.04057 2.3
845.0 0.0 0.0 0.0 0.0244 0.04075 2.3
846.0 0.0 0.0 0.0 0.0241 0.04115 2.3
847.0 0.0 0.0 0.0 0.0238 0.04127 2.3
848.0 0.0 0.0 0.0 0.0235 0.04149 2.3
849.0 0.0 0.0 0.0 0.0232 0.04204 2.3
850.0 0.0 0.0 0.0 0.0229 0.04199 2.3
851.0 0.0 0.0 0.0 0.02264 0.04223 2.3
852.0 0.0 0.0 0.0 0.02238 0.04254 2.3
853.0 0.0 0.0 0.0 0.02212 0.04272 2.3
854.0 0.0 0.0 0.0 0.02186 0.0428 2.3
855.0 0.0 0.0 0.0 0.02159 0.04306 2.3
856.0 0.0 0.0 0.0 0.02133 0.0436 2.3
857.0 0.0 0.0 0.0 0.02107 0.04369 2.3
858.0 0.0 0.0 0.0 0.02081 0.04379 2.3
859.0 0.0 0.0 0.0 0.02055 0.04433 2.3
860.0 0.0 0.0 0.0 0.02029 0.04454 2.3
861.0 0.0 0.0 0.0 0.02006 0.04466 2.3
862.0 0.0 0.0 0.0 0.01983 0.04505 2.3
863.0 0.0 0.0 0.0 0.01961 0.04527 2.3
864.0 0.0 0.0 0.0 0.01938 0.04552 2.3
865.0 0.0 0.0 0.0 0.01915 0.04605 2.3
866.0 0.0 0.0 0.0 0.01893 0.04658 2.3
867.0 0.0 0.0 0.0 0.0187 0.04691 2.3
868.0 0.0 0.0 0.0 0.01847 0.04705 2.3
869.0 0.0 0.0 0.0 0.01825 0.04713 2.3
870.0 0.0 0.0 0.0 0.01802 0.04752 2.3
871.0 0.0 0.0 0.0 0.01782 0.04833 2.3
872.0 0.0 0.0 0.0 0.01762 0.04867 2.3
873.0 0.0 0.0 0.0 0.01742 0.04894 2.3
874.0 0.0 0.0 0.0 0.01723 0.0496 2.3
875.0 0.0 0.0 0.0 0.01703 0.05006 2.3
876.0 0.0 0.0 0.0 0.01683 0.0505 2.3
877.0 0.0 0.0 0.0 0.01663 0.05115 2.3
878.0 0.0 0.0 0.0 0.01643 0.05153 2.3
879.0 0.0 0.0 0.0 0.01623 0.05204 2.3
880.0 0.0 0.0 0.0 0.01604 0.05298 2.3
881.0 0.0 0.0 0.0 0.01586 0.05346 2.3
882.0 0.0 0.0 0.0 0.01568 0.05386 2.3
883.0 0.0 0.0 0.0 0.01551 0.05465 2.3
884.0 0.0 0.0 0.0 0.01533 0.05528 2.3
885.0 0.0 0.0 0.0 0.01516 0.05566 2.3
886.0 0.0 0.0 0.0 0.01498 0.05596 2.3
887.0 0.0 0.0 0.0 0.01481 0.05653 2.3
888.0 0.0 0.0 0.0 0.01463 0.05745 2.3
889.0 0.0 0.0 0.0 0.01446 0.05789 2.3
890.0 0.0 0.0 0.0 0.01428 0.05831 2.3
891.0 0.0 0.0 0.0 0.01414 0.05924 2.3
892.0 0.0 0.0 0.0 0.014 0.05982 2.3
893.0 0.0 0.0 0.0 0.01385 0.06009 2.3
894.0 0.0 0.0 0.0 0.01371 0.06035 2.3
895.0 0.0 0.0 0.0 0.01357 0.06094 2.3
896.0 0.0 0.0 0.0 0.01343 0.06185 2.3
897.0 0.0 0.0 0.0 0.01328 0.06226 2.3
898.0 0.0 0.0 0.0 0.01314 0.06269 2.3
899.0 0.0 0.0 0.0 0.013 0.0636 2.3
900.0 0.0 0.0 0.0 0.01286 0.06407 2.3
901.0 0.0 0.0 0.0 0.01275 0.06458 2.3
902.0 0.0 0.0 0.0 0.01265 0.06562 2.3
903.0 0.0 0.0 0.0 0.01255 0.06636 2.3
904.0 0.0 0.0 0.0 0.01245 0.06672 2.3
905.0 0.0 0.0 0.0 0.01235 0.06699 2.3
906.0 0.0 0.0 0.0 0.01225 0.06769 2.3
907.0 0.0 0.0 0.0 0.01215 0.069 2.3
908.0 0.0 0.0 0.0 0.01205 0.06989 2.3
909.0 0.0 0.0 0.0 0.01195 0.07037 2.3
910.0 0.0 0.0 0.0 0.01185 0.07085 2.3
911.0 0.0 0.0 0.0 0.01175 0.07187 2.3
912.0 0.0 0.0 0.0 0.01165 0.07358 2.3
913.0 0.0 0.0 0.0 0.01155 0.07486 2.3
914.0 0.0 0.0 0.0 0.01145 0.07562 2.3
915.0 0.0 0.0 0.0 0.01135 0.0763 2.3
916.0 0.0 0.0 0.0 0.01125 0.07792 2.3
917.0 0.0 0.0 0.0 0.01115 0.08085 2.3
918.0 0.0 0.0 0.0 0.01105 0.08292 2.3
919.0 0.0 0.0 0.0 0.01096 0.0841 2.3
920.0 0.0 0.0 0.0 0.01086 0.08528 2.3
921.0 0.0 0.0 0.0 0.01076 0.08801 2.3
922.0 0.0 0.0 0.0 0.01066 0.09268 2.3
923.0 0.0 0.0 0.0 0.01056 0.09584 2.3
924.0 0.0 0.0 0.0 0.01047 0.09819 2.3
925.0 0.0 0.0 0.0 0.01037 0.1012 2.3
926.0 0.0 0.0 0.0 0.01027 0.1042 2.3
927.0 0.0 0.0 0.0 0.01017 0.1066 2.3
928.0 0.0 0.0 0.0 0.01008 0.1113 2.3
929.0 0.0 0.0 0.0 0.00998 0.1194 2.3
930.0 0.0 0.0 0.0 0.009884 0.1246 2.3
931.0 0.0 0.0 0.0 0.009787 0.1281 2.3
932.0 0.0 0.0 0.0 0.009691 0.1327 2.3
933.0 0.0 0.0 0.0 0.009595 0.1374 2.3
934.0 0.0 0.0 0.0 0.0095 0.141 2.3
935.0 0.0 0.0 0.0 0.009404 0.1465 2.3
936.0 0.0 0.0 0.0 0.009309 0.1557 2.3
937.0 0.0 0.0 0.0 0.009214 0.1635 2.3
938.0 0.0 0.0 0.0 0.00912 0.1688 2.3
939.0 0.0 0.0 0.0 0.009025 0.1732 2.3
940.0 0.0 0.0 0.0 0.008931 0.1818 2.3
941.0 0.0 0.0 0.0 0.008837 0.1963 2.3
942.0 0.0 0.0 0.0 0.008743 0.205 2.3
943.0 0.0 0.0 0.0 0.00865 0.2106 2.3
944.0 0.0 0.0 0.0 0.008557 0.2187 2.3
945.0 0.0 0.0 0.0 0.008464 0.2287 2.3
946.0 0.0 0.0 0.0 0.008371 0.2386 2.3
947.0 0.0 0.0 0.0 0.008279 0.2468 2.3
948.0 0.0 0.0 0.0 0.008187 0.2542 2.3
949.0 0.0 0.0 0.0 0.008095 0.2701 2.3
950.0 0.0 0.0 0.0 0.008004 0.2976 2.3
951.0 0.0 0.0 0.0 0.007913 0.3153 2.3
952.0 0.0 0.0 0.0 0.007822 0.3274 2.3
953.0 0.0 0.0 0.0 0.007732 0.3438 2.3
954.0 0.0 0.0 0.0 0.007641 0.3622 2.3
955.0 0.0 0.0 0.0 0.007552 0.3785 2.3
956.0 0.0 0.0 0.0 0.007462 0.393 2.3
957.0 0.0 0.0 0.0 0.007373 0.4068 2.3
958.0 0.0 0.0 0.0 0.007284 0.4184 2.3
959.0 0.0 0.0 0.0 0.007195 0.4273 2.3
960.0 0.0 0.0 0.0 0.007107 0.4385 2.3
961.0 0.0 0.0 0.0 0.007019 0.4538 2.3
962.0 0.0 0.0 0.0 0.006932 0.4611 2.3
963.0 0.0 0.0 0.0 0.006844 0.4633 2.3
964.0 0.0 0.0 0.0 0.006758 0.4663 2.3
965.0 0.0 0.0 0.0 0.006671 0.4701 2.3
966.0 0.0 0.0 0.0 0.006585 0.4733 2.3
967.0 0.0 0.0 0.0 0.006499 0.4756 2.3
968.0 0.0 0.0 0.0 0.006414 0.4772 2.3
969.0 0.0 0.0 0.0 0.006329 0.4785 2.3
970.0 0.0 0.0 0.0 0.006244 0.48 2.3
971.0 0.0 0.0 0.0 0.00616 0.4814 2.3
972.0 0.0 0.0 0.0 0.006076 0.4827 2.3
973.0 0.0 0.0 0.0 0.005993 0.4843 2.3
974.0 0.0 0.0 0.0 0.00591 0.4864 2.3
975.0 0.0 0.0 0.0 0.005827 0.487 2.3
976.0 0.0 0.0 0.0 0.005745 0.4867 2.3
977.0 0.0 0.0 0.0 0.005663 0.4864 2.3
978.0 0.0 0.0 0.0 0.005581 0.4857 2.3
979.0 0.0 0.0 0.0 0.0055 0.4841 2.3
980.0 0.0 0.0 0.0 0.005419 0.4821 2.3
981.0 0.0 0.0 0.0 0.005339 0.4804 2.3
982.0 0.0 0.0 0.0 0.005259 0.4786 2.3
983.0 0.0 0.0 0.0 0.00518 0.4764 2.3
984.0 0.0 0.0 0.0 0.005101 0.4738 2.3
985.0 0.0 0.0 0.0 0.005023 0.471 2.3
986.0 0.0 0.0 0.0 0.004945 0.4677 2.3
987.0 0.0 0.0 0.0 0.004867 0.4641 2.3
988.0 0.0 0.0 0.0 0.00479 0.4604 2.3
989.0 0.0 0.0 0.0 0.004713 0.457 2.3
990.0 0.0 0.0 0.0 0.004637 0.4532 2.3
991.0 0.0 0.0 0.0 0.004561 0.4482 2.3
992.0 0.0 0.0 0.0 0.004486 0.4434 2.3
993.0 0.0 0.0 0.0 0.004411 0.4397 2.3
994.0 0.0 0.0 0.0 0.004337 0.4362 2.3
995.0 0.0 0.0 0.0 0.004263 0.4316 2.3
996.0 0.0 0.0 0.0 0.00419 0.4265 2.3
997.0 0.0 0.0 0.0 0.004117 0.4215 2.3
998.0 0.0 0.0 0.0 0.004044 0.4168 2.3
999.0 0.0 0.0 0.0 0.003972 0.4121 2.3
1000.0 0.0 0.0 0.0 0.003901 0.4072 2.3
1001.0 0.0 0.0 0.0 0.00383 0.4017 2.3
1002.0 0.0 0.0 0.0 0.00376 0.3963 2.3
1003.0 0.0 0.0 0.0 0.00369 0.3915 2.3
1004.0 0.0 0.0 0.0 0.00362 0.3868 2.3
1005.0 0.0 0.0 0.0 0.003552 0.3816 2.3
1006.0 0.0 0.0 0.0 0.003483 0.376 2.3
1007.0 0.0 0.0 0.0 0.003416 0.3701 2.3
1008.0 0.0 0.0 0.0 0.003348 0.364 2.3
1009.0 0.0 0.0 0.0 0.003282 0.3581 2.3
1010.0 0.0 0.0 0.0 0.003215 0.3521 2.3
1011.0 0.0 0.0 0.0 0.00315 0.3461 2.3
1012.0 0.0 0.0 0.0 0.003085 0.3402 2.3
1013.0 0.0 0.0 0.0 0.00302 0.3349 2.3
1014.0 0.0 0.0 0.0 0.002956 0.3297 2.3
1015.0 0.0 0.0 0.0 0.002893 0.3243 2.3
1016.0 0.0 0.0 0.0 0.00283 0.3191 2.3
1017.0 0.0 0.0 0.0 0.002768 0.3141 2.3
1018.0 0.0 0.0 0.0 0.002706 0.3086 2.3
1019.0 0.0 0.0 0.0 0.002645 0.3022 2.3
1020.0 0.0 0.0 0.0 0.002585 0.2957 2.3
1021.0 0.0 0.0 0.0 0.002525 0.2897 2.3
1022.0 0.0 0.0 0.0 0.002465 0.284 2.3
1023.0 0.0 0.0 0.0 0.002407 0.2782 2.3
1024.0 0.0 0.0 0.0 0.002348 0.2724 2.3
1025.0 0.0 0.0 0.0 0.002291 0.2672 2.3
1026.0 0.0 0.0 0.0 0.002234 0.2621 2.3
1027.0 0.0 0.0 0.0 0.002178 0.2566 2.3
1028.0 0.0 0.0 0.0 0.002122 0.2506 2.3
1029.0 0.0 0.0 0.0 0.002067 0.2444 2.3
1030.0 0.0 0.0 0.0 0.002012 0.2391 2.3
1031.0 0.0 0.0 0.0 0.001959 0.2357 2.3
1032.0 0.0 0.0 0.0 0.001905 0.2331 2.3
1033.0 0.0 0.0 0.0 0.001853 0.2299 2.3
1034.0 0.0 0.0 0.0 0.001801 0.2251 2.3
1035.0 0.0 0.0 0.0 0.00175 0.2198 2.3
1036.0 0.0 0.0 0.0 0.001699 0.2151 2.3
1037.0 0.0 0.0 0.0 0.001649 0.2109 2.3
1038.0 0.0 0.0 0.0 0.0016 0.2064 2.3
1039.0 0.0 0.0 0.0 0.001551 0.202 2.3
1040.0 0.0 0.0 0.0 0.001503 0.1981 2.3
1041.0 0.0 0.0 0.0 0.001456 0.1944 2.3
1042.0 0.0 0.0 0.0 0.001409 0.1904 2.3
1043.0 0.0 0.0 0.0 0.001363 0.1868 2.3
1044.0 0.0 0.0 0.0 0.001318 0.1841 2.3
1045.0 0.0 0.0 0.0 0.001274 0.1818 2.3
1046.0 0.0 0.0 0.0 0.00123 0.179 2.3
1047.0 0.0 0.0 0.0 0.001187 0.1752 2.3
1048.0 0.0 0.0 0.0 0.001144 0.1715 2.3
1049.0 0.0 0.0 0.0 0.001102 0.1687 2.3
1050.0 0.0 0.0 0.0 0.001061 0.1664 2.3
1051.0 0.0 0.0 0.0 0.001021 0.1639 2.3
1052.0 0.0 0.0 0.0 0.0009811 0.1613 2.3
1053.0 0.0 0.0 0.0 0.0009422 0.1586 2.3
1054.0 0.0 0.0 0.0 0.000904 0.1562 2.3
1055.0 0.0 0.0 0.0 0.0008665 0.1545 2.3
1056.0 0.0 0.0 0.0 0.0008297 0.1532 2.3
1057.0 0.0 0.0 0.0 0.0007937 0.1522 2.3
1058.0 0.0 0.0 0.0 0.0007584 0.151 2.3
1059.0 0.0 0.0 0.0 0.0007239 0.1495 2.3
1060.0 0.0 0.0 0.0 0.0006901 0.1475 2.3
1061.0 0.0 0.0 0.0 0.0006571 0.1457 2.3
1062.0 0.0 0.0 0.0 0.0006248 0.1447 2.3
1063.0 0.0 0.0 0.0 0.0005933 0.1442 2.3
1064.0 0.0 0.0 0.0 0.0005626 0.1438 2.3
1065.0 0.0 0.0 0.0 0.0005326 0.1433 2.3
1066.0 0.0 0.0 0.0 0.0005034 0.1426 2.3
1067.0 0.0 0.0 0.0 0.000475 0.1418 2.3
1068.0 0.0 0.0 0.0 0.0004473 0.1412 2.3
1069.0 0.0 0.0 0.0 0.0004205 0.141 2.3
1070.0 0.0 0.0 0.0 0.0003944 0.1409 2.3
1071.0 0.0 0.0 0.0 0.0003691 0.1408 2.3
1072.0 0.0 0.0 0.0 0.0003446 0.1406 2.3
1073.0 0.0 0.0 0.0 0.000321 0.1405 2.3
1074.0 0.0 0.0 0.0 0.0002981 0.1408 2.3
1075.0 0.0 0.0 0.0 0.000276 0.1414 2.3
1076.0 0.0 0.0 0.0 0.0002548 0.1426 2.3
1077.0 0.0 0.0 0.0 0.0002344 0.1435 2.3
1078.0 0.0 0.0 0.0 0.0002148 0.1438 2.3
1079.0 0.0 0.0 0.0 0.000196 0.1439 2.3
1080.0 0.0 0.0 0.0 0.000178 0.1443 2.3
1081.0 0.0 0.0 0.0 0.0001609 0.1456 2.3
1082.0 0.0 0.0 0.0 0.0001446 0.1475 2.3
1083.0 0.0 0.0 0.0 0.0001292 0.1498 2.3
1084.0 0.0 0.0 0.0 0.0001146 0.1519 2.3
1085.0 0.0 0.0 0.0 0.0001009 0.1534 2.3
1086.0 0.0 0.0 0.0 8.804e-5 0.1547 2.3
1087.0 0.0 0.0 0.0 7.603e-5 0.1561 2.3
1088.0 0.0 0.0 0.0 6.488e-5 0.158 2.3
1089.0 0.0 0.0 0.0 5.46e-5 0.1604 2.3
1090.0 0.0 0.0 0.0 4.519e-5 0.1632 2.3
1091.0 0.0 0.0 0.0 3.666e-5 0.1659 2.3
1092.0 0.0 0.0 0.0 2.901e-5 0.1677 2.3
1093.0 0.0 0.0 0.0 2.225e-5 0.1693 2.3
1094.0 0.0 0.0 0.0 1.637e-5 0.1712 2.3
1095.0 0.0 0.0 0.0 1.138e-5 0.1739 2.3
1096.0 0.0 0.0 0.0 7.297e-6 0.1777 2.3
1097.0 0.0 0.0 0.0 4.111e-6 0.1824 2.3
1098.0 0.0 0.0 0.0 1.83e-6 0.1866 2.3
1099.0 0.0 0.0 0.0 4.581e-7 0.189 2.3
1100.0 0.0 0.0 0.0 0.0 0.1906 2.3
1101.0 0.0 0.0 0.0 0.0 0.1929 2.3
1102.0 0.0 0.0 0.0 0.0 0.1967 2.3
1103.0 0.0 0.0 0.0 0.0 0.2005 2.3
1104.0 0.0 0.0 0.0 0.0 0.2031 2.3
1105.0 0.0 0.0 0.0 0.0 0.2051 2.3
1106.0 0.0 0.0 0.0 0.0 0.2079 2.3
1107.0 0.0 0.0 0.0 0.0 0.2123 2.3
1108.0 0.0 0.0 0.0 0.0 0.2166 2.3
1109.0 0.0 0.0 0.0 0.0 0.2196 2.3
1110.0 0.0 0.0 0.0 0.0 0.2219 2.3
1111.0 0.0 0.0 0.0 0.0 0.2251 2.3
1112.0 0.0 0.0 0.0 0.0 0.2298 2.3
1113.0 0.0 0.0 0.0 0.0 0.2337 2.3
1114.0 0.0 0.0 0.0 0.0 0.2346 2.3
1115.0 0.0 0.0 0.0 0.0 0.2342 2.3
1116.0 0.0 0.0 0.0 0.0 0.2353 2.3
1117.0 0.0 0.0 0.0 0.0 0.2397 2.3
1118.0 0.0 0.0 0.0 0.0 0.245 2.3
1119.0 0.0 0.0 0.0 0.0 0.2491 2.3
1120.0 0.0 0.0 0.0 0.0 0.2528 2.3
1121.0 0.0 0.0 0.0 0.0 0.2578 2.3
1122.0 0.0 0.0 0.0 0.0 0.265 2.3
1123.0 0.0 0.0 0.0 0.0 0.2719 2.3
1124.0 0.0 0.0 0.0 0.0 0.2765 2.3
1125.0 0.0 0.0 0.0 0.0 0.2811 2.3
1126.0 0.0 0.0 0.0 0.0 0.2891 2.3
1127.0 0.0 0.0 0.0 0.0 0.3023 2.3
1128.0 0.0 0.0 0.0 0.0 0.3164 2.3
1129.0 0.0 0.0 0.0 0.0 0.3271 2.3
1130.0 0.0 0.0 0.0 0.0 0.3378 2.3
1131.0 0.0 0.0 0.0 0.0 0.3533 2.3
1132.0 0.0 0.0 0.0 0.0 0.377 2.3
1133.0 0.0 0.0 0.0 0.0 0.4037 2.3
1134.0 0.0 0.0 0.0 0.0 0.4281 2.3
1135.0 0.0 0.0 0.0 0.0 0.4502 2.3
1136.0 0.0 0.0 0.0 0.0 0.4712 2.3
1137.0 0.0 0.0 0.0 0.0 0.4932 2.3
1138.0 0.0 0.0 0.0 0.0 0.5202 2.3
1139.0 0.0 0.0 0.0 0.0 0.5572 2.3
1140.0 0.0 0.0 0.0 0.0 0.6052 2.3
1141.0 0.0 0.0 0.0 0.0 0.652 2.3
1142.0 0.0 0.0 0.0 0.0 0.6863 2.3
1143.0 0.0 0.0 0.0 0.0 0.7159 2.3
1144.0 0.0 0.0 0.0 0.0 0.7535 2.3
1145.0 0.0 0.0 0.0 0.0 0.8064 2.3
1146.0 0.0 0.0 0.0 0.0 0.8597 2.3
1147.0 0.0 0.0 0.0 0.0 0.8981 2.3
1148.0 0.0 0.0 0.0 0.0 0.9253 2.3
1149.0 0.0 0.0 0.0 0.0 0.9493 2.3
1150.0 0.0 0.0 0.0 0.0 0.9769 2.3
1151.0 0.0 0.0 0.0 0.0 1.008 2.3
1152.0 0.0 0.0 0.0 0.0 1.041 2.3
1153.0 0.0 0.0 0.0 0.0 1.073 2.3
1154.0 0.0 0.0 0.0 0.0 1.1 2.3
1155.0 0.0 0.0 0.0 0.0 1.119 2.3
1156.0 0.0 0.0 0.0 0.0 1.131 2.3
1157.0 0.0 0.0 0.0 0.0 1.14 2.3
1158.0 0.0 0.0 0.0 0.0 1.15 2.3
1159.0 0.0 0.0 0.0 0.0 1.16 2.3
1160.0 0.0 0.0 0.0 0.0 1.17 2.3
1161.0 0.0 0.0 0.0 0.0 1.181 2.3
1162.0 0.0 0.0 0.0 0.0 1.19 2.3
1163.0 0.0 0.0 0.0 0.0 1.194 2.3
1164.0 0.0 0.0 0.0 0.0 1.196 2.3
1165.0 0.0 0.0 0.0 0.0 1.197 2.3
1166.0 0.0 0.0 0.0 0.0 1.2 2.3
1167.0 0.0 0.0 0.0 0.0 1.203 2.3
1168.0 0.0 0.0 0.0 0.0 1.205 2.3
1169.0 0.0 0.0 0.0 0.0 1.206 2.3
1170.0 0.0 0.0 0.0 0.0 1.207 2.3
1171.0 0.0 0.0 0.0 0.0 1.213 2.3
1172.0 0.0 0.0 0.0 0.0 1.223 2.3
1173.0 0.0 0.0 0.0 0.0 1.232 2.3
1174.0 0.0 0.0 0.0 0.0 1.234 2.3
1175.0 0.0 0.0 0.0 0.0 1.232 2.3
1176.0 0.0 0.0 0.0 0.0 1.229 2.3
1177.0 0.0 0.0 0.0 0.0 1.23 2.3
1178.0 0.0 0.0 0.0 0.0 1.233 2.3
1179.0 0.0 0.0 0.0 0.0 1.236 2.3
1180.0 0.0 0.0 0.0 0.0 1.239 2.3
1181.0 0.0 0.0 0.0 0.0 1.241 2.3
1182.0 0.0 0.0 0.0 0.0 1.244 2.3
1183.0 0.0 0.0 0.0 0.0 1.248 2.3
1184.0 0.0 0.0 0.0 0.0 1.252 2.3
1185.0 0.0 0.0 0.0 0.0 1.256 2.3
1186.0 0.0 0.0 0.0 0.0 1.258 2.3
1187.0 0.0 0.0 0.0 0.0 1.26 2.3
1188.0 0.0 0.0 0.0 0.0 1.262 2.3
1189.0 0.0 0.0 0.0 0.0 1.265 2.3
1190.0 0.0 0.0 0.0 0.0 1.267 2.3
1191.0 0.0 0.0 0.0 0.0 1.27 2.3
1192.0 0.0 0.0 0.0 0.0 1.272 2.3
1193.0 0.0 0.0 0.0 0.0 1.275 2.3
1194.0 0.0 0.0 0.0 0.0 1.277 2.3
1195.0 0.0 0.0 0.0 0.0 1.28 2.3
1196.0 0.0 0.0 0.0 0.0 1.282 2.3
1197.0 0.0 0.0 0.0 0.0 1.283 2.3
1198.0 0.0 0.0 0.0 0.0 1.283 2.3
1199.0 0.0 0.0 0.0 0.0 1.279 2.3
1200.0 0.0 0.0 0.0 0.0 1.272 2.3
1201.0 0.0 0.0 0.0 0.0 1.266 2.3
1202.0 0.0 0.0 0.0 0.0 1.267 2.301
1203.0 0.0 0.0 0.0 0.0 1.271 2.301
1204.0 0.0 0.0 0.0 0.0 1.273 2.302
1205.0 0.0 0.0 0.0 0.0 1.271 2.303
1206.0 0.0 0.0 0.0 0.0 1.265 2.305
1207.0 0.0 0.0 0.0 0.0 1.26 2.306
1208.0 0.0 0.0 0.0 0.0 1.258 2.308
1209.0 0.0 0.0 0.0 0.0 1.258 2.31
1210.0 0.0 0.0 0.0 0.0 1.257 2.312
1211.0 0.0 0.0 0.0 0.0 1.252 2.315
1212.0 0.0 0.0 0.0 0.0 1.247 2.317
1213.0 0.0 0.0 0.0 0.0 1.243 2.32
1214.0 0.0 0.0 0.0 0.0 1.243 2.323
1215.0 0.0 0.0 0.0 0.0 1.243 2.327
1216.0 0.0 0.0 0.0 0.0 1.24 2.33
1217.0 0.0 0.0 0.0 0.0 1.233 2.334
1218.0 0.0 0.0 0.0 0.0 1.224 2.338
1219.0 0.0 0.0 0.0 0.0 1.216 2.342
1220.0 0.0 0.0 0.0 0.0 1.214 2.346
1221.0 0.0 0.0 0.0 0.0 1.214 2.35
1222.0 0.0 0.0 0.0 0.0 1.213 2.354
1223.0 0.0 0.0 0.0 0.0 1.21 2.359
1224.0 0.0 0.0 0.0 0.0 1.205 2.364
1225.0 0.0 0.0 0.0 0.0 1.2 2.369
1226.0 0.0 0.0 0.0 0.0 1.199 2.374
1227.0 0.0 0.0 0.0 0.0 1.198 2.379
1228.0 0.0 0.0 0.0 0.0 1.197 2.384
1229.0 0.0 0.0 0.0 0.0 1.194 2.389
1230.0 0.0 0.0 0.0 0.0 1.189 2.395
1231.0 0.0 0.0 0.0 0.0 1.184 2.4
1232.0 0.0 0.0 0.0 0.0 1.18 2.406
1233.0 0.0 0.0 0.0 0.0 1.176 2.412
1234.0 0.0 0.0 0.0 0.0 1.171 2.418
1235.0 0.0 0.0 0.0 0.0 1.166 2.423
1236.0 0.0 0.0 0.0 0.0 1.161 2.43
1237.0 0.0 0.0 0.0 0.0 1.158 2.436
1238.0 0.0 0.0 0.0 0.0 1.157 2.442
1239.0 0.0 0.0 0.0 0.0 1.157 2.448
1240.0 0.0 0.0 0.0 0.0 1.155 2.454
1241.0 0.0 0.0 0.0 0.0 1.152 2.461
1242.0 0.0 0.0 0.0 0.0 1.148 2.467
1243.0 0.0 0.0 0.0 0.0 1.142 2.473
1244.0 0.0 0.0 0.0 0.0 1.138 2.48
1245.0 0.0 0.0 0.0 0.0 1.133 2.486
1246.0 0.0 0.0 0.0 0.0 1.13 2.493
1247.0 0.0 0.0 0.0 0.0 1.126 2.499
1248.0 0.0 0.0 0.0 0.0 1.123 2.506
1249.0 0.0 0.0 0.0 0.0 1.12 2.512
1250.0 0.0 0.0 0.0 0.0 1.116 2.519
1251.0 0.0 0.0 0.0 0.0 1.111 2.525
1252.0 0.0 0.0 0.0 0.0 1.107 2.532
1253.0 0.0 0.0 0.0 0.0 1.103 2.538
1254.0 0.0 0.0 0.0 0.0 1.101 2.545
1255.0 0.0 0.0 0.0 0.0 1.101 2.551
1256.0 0.0 0.0 0.0 0.0 1.101 2.558
1257.0 0.0 0.0 0.0 0.0 1.101 2.564
1258.0 0.0 0.0 0.0 0.0 1.1 2.57
1259.0 0.0 0.0 0.0 0.0 1.098 2.577
1260.0 0.0 0.0 0.0 0.0 1.094 2.583
1261.0 0.0 0.0 0.0 0.0 1.089 2.589
1262.0 0.0 0.0 0.0 0.0 1.085 2.595
1263.0 0.0 0.0 0.0 0.0 1.084 2.601
1264.0 0.0 0.0 0.0 0.0 1.083 2.607
1265.0 0.0 0.0 0.0 0.0 1.083 2.613
1266.0 0.0 0.0 0.0 0.0 1.082 2.619
1267.0 0.0 0.0 0.0 0.0 1.081 2.625
1268.0 0.0 0.0 0.0 0.0 1.08 2.631
1269.0 0.0 0.0 0.0 0.0 1.079 2.636
1270.0 0.0 0.0 0.0 0.0 1.08 2.642
1271.0 0.0 0.0 0.0 0.0 1.083 2.647
1272.0 0.0 0.0 0.0 0.0 1.087 2.652
1273.0 0.0 0.0 0.0 0.0 1.093 2.657
1274.0 0.0 0.0 0.0 0.0 1.099 2.662
1275.0 0.0 0.0 0.0 0.0 1.104 2.667
1276.0 0.0 0.0 0.0 0.0 1.107 2.672
1277.0 0.0 0.0 0.0 0.0 1.109 2.677
1278.0 0.0 0.0 0.0 0.0 1.111 2.681
1279.0 0.0 0.0 0.0 0.0 1.115 2.685
1280.0 0.0 0.0 0.0 0.0 1.121 2.689
1281.0 0.0 0.0 0.0 0.0 1.129 2.693
1282.0 0.0 0.0 0.0 0.0 1.137 2.697
1283.0 0.0 0.0 0.0 0.0 1.147 2.701
1284.0 0.0 0.0 0.0 0.0 1.156 2.704
1285.0 0.0 0.0 0.0 0.0 1.164 2.707
1286.0 0.0 0.0 0.0 0.0 1.17 2.711
1287.0 0.0 0.0 0.0 0.0 1.175 2.713
1288.0 0.0 0.0 0.0 0.0 1.181 2.716
1289.0 0.0 0.0 0.0 0.0 1.188 2.719
1290.0 0.0 0.0 0.0 0.0 1.196 2.721
1291.0 0.0 0.0 0.0 0.0 1.206 2.723
1292.0 0.0 0.0 0.0 0.0 1.216 2.725
1293.0 0.0 0.0 0.0 0.0 1.227 2.726
1294.0 0.0 0.0 0.0 0.0 1.239 2.728
1295.0 0.0 0.0 0.0 0.0 1.252 2.729
1296.0 0.0 0.0 0.0 0.0 1.267 2.73
1297.0 0.0 0.0 0.0 0.0 1.283 2.73
1298.0 0.0 0.0 0.0 0.0 1.297 2.731
1299.0 0.0 0.0 0.0 0.0 1.31 2.731
1300.0 0.0 0.0 0.0 0.0 1.323 2.721
1301.0 0.0 0.0 0.0 0.0 1.336 2.736
1302.0 0.0 0.0 0.0 0.0 1.351 2.728
1303.0 0.0 0.0 0.0 0.0 1.37 2.719
1304.0 0.0 0.0 0.0 0.0 1.392 2.712
1305.0 0.0 0.0 0.0 0.0 1.416 2.698
1306.0 0.0 0.0 0.0 0.0 1.44 2.702
1307.0 0.0 0.0 0.0 0.0 1.465 2.691
1308.0 0.0 0.0 0.0 0.0 1.489 2.688
1309.0 0.0 0.0 0.0 0.0 1.511 2.686
1310.0 0.0 0.0 0.0 0.0 1.532 2.682
1311.0 0.0 0.0 0.0 0.0 1.555 2.676
1312.0 0.0 0.0 0.0 0.0 1.58 2.675
1313.0 0.0 0.0 0.0 0.0 1.61 2.677
1314.0 0.0 0.0 0.0 0.0 1.642 2.67
1315.0 0.0 0.0 0.0 0.0 1.672 2.671
1316.0 0.0 0.0 0.0 0.0 1.701 2.668
1317.0 0.0 0.0 0.0 0.0 1.728 2.67
1318.0 0.0 0.0 0.0 0.0 1.758 2.674
1319.0 0.0 0.0 0.0 0.0 1.791 2.674
1320.0 0.0 0.0 0.0 0.0 1.831 2.683
1321.0 0.0 0.0 0.0 0.0 1.872 2.674
1322.0 0.0 0.0 0.0 0.0 1.911 2.675
1323.0 0.0 0.0 0.0 0.0 1.943 2.682
1324.0 0.0 0.0 0.0 0.0 1.974 2.683
1325.0 0.0 0.0 0.0 0.0 2.007 2.665
1326.0 0.0 0.0 0.0 0.0 2.047 2.661
1327.0 0.0 0.0 0.0 0.0 2.098 2.668
1328.0 0.0 0.0 0.0 0.0 2.153 2.67
1329.0 0.0 0.0 0.0 0.0 2.203 2.674
1330.0 0.0 0.0 0.0 0.0 2.243 2.664
1331.0 0.0 0.0 0.0 0.0 2.277 2.661
1332.0 0.0 0.0 0.0 0.0 2.312 2.665
1333.0 0.0 0.0 0.0 0.0 2.357 2.668
1334.0 0.0 0.0 0.0 0.0 2.415 2.681
1335.0 0.0 0.0 0.0 0.0 2.479 2.686
1336.0 0.0 0.0 0.0 0.0 2.54 2.684
1337.0 0.0 0.0 0.0 0.0 2.59 2.697
1338.0 0.0 0.0 0.0 0.0 2.631 2.712
1339.0 0.0 0.0 0.0 0.0 2.666 2.72
1340.0 0.0 0.0 0.0 0.0 2.701 2.717
1341.0 0.0 0.0 0.0 0.0 2.738 2.726
1342.0 0.0 0.0 0.0 0.0 2.78 2.744
1343.0 0.0 0.0 0.0 0.0 2.829 2.743
1344.0 0.0 0.0 0.0 0.0 2.889 2.751
1345.0 0.0 0.0 0.0 0.0 2.96 2.763
1346.0 0.0 0.0 0.0 0.0 3.033 2.778
1347.0 0.0 0.0 0.0 0.0 3.097 2.793
1348.0 0.0 0.0 0.0 0.0 3.146 2.818
1349.0 0.0 0.0 0.0 0.0 3.181 2.835
1350.0 0.0 0.0 0.0 0.0 3.226 2.865
1351.0 0.0 0.0 0.0 0.0 3.267 2.879
1352.0 0.0 0.0 0.0 0.0 3.319 2.899
1353.0 0.0 0.0 0.0 0.0 3.363 2.918
1354.0 0.0 0.0 0.0 0.0 3.412 2.936
1355.0 0.0 0.0 0.0 0.0 3.449 2.953
1356.0 0.0 0.0 0.0 0.0 3.504 2.966
1357.0 0.0 0.0 0.0 0.0 3.544 2.977
1358.0 0.0 0.0 0.0 0.0 3.6 2.981
1359.0 0.0 0.0 0.0 0.0 3.648 2.942
1360.0 0.0 0.0 0.0 0.0 3.701 2.887
1361.0 0.0 0.0 0.0 0.0 3.752 2.864
1362.0 0.0 0.0 0.0 0.0 3.802 2.877
1363.0 0.0 0.0 0.0 0.0 3.871 2.886
1364.0 0.0 0.0 0.0 0.0 3.927 2.888
1365.0 0.0 0.0 0.0 0.0 3.985 2.891
1366.0 0.0 0.0 0.0 0.0 4.064 2.899
1367.0 0.0 0.0 0.0 0.0 4.125 2.887
1368.0 0.0 0.0 0.0 0.0 4.216 2.884
1369.0 0.0 0.0 0.0 0.0 4.302 2.9
1370.0 0.0 0.0 0.0 0.0 4.389 2.929
1371.0 0.0 0.0 0.0 0.0 4.504 2.969
1372.0 0.0 0.0 0.0 0.0 4.63 3.014
1373.0 0.0 0.0 0.0 0.0 4.737 3.053
1374.0 0.0 0.0 0.0 0.0 4.904 3.075
1375.0 0.0 0.0 0.0 0.0 5.092 3.111
1376.0 0.0 0.0 0.0 0.0 5.26 3.128
1377.0 0.0 0.0 0.0 0.0 5.479 3.13
1378.0 0.0 0.0 0.0 0.0 5.72 3.103
1379.0 0.0 0.0 0.0 0.0 6.006 3.051
1380.0 0.0 0.0 0.0 0.0 6.242 2.979
1381.0 0.0 0.0 0.0 0.0 6.58 2.941
1382.0 0.0 0.0 0.0 0.0 6.927 2.92
1383.0 0.0 0.0 0.0 0.0 7.313 2.931
1384.0 0.0 0.0 0.0 0.0 7.633 2.95
1385.0 0.0 0.0 0.0 0.0 8.089 2.978
1386.0 0.0 0.0 0.0 0.0 8.545 3.025
1387.0 0.0 0.0 0.0 0.0 9.03 3.048
1388.0 0.0 0.0 0.0 0.0 9.591 3.066
1389.0 0.0 0.0 0.0 0.0 10.02 3.087
1390.0 0.0 0.0 0.0 0.0 10.63 3.099
1391.0 0.0 0.0 0.0 0.0 11.22 3.09
1392.0 0.0 0.0 0.0 0.0 11.84 3.088
1393.0 0.0 0.0 0.0 0.0 12.45 3.081
1394.0 0.0 0.0 0.0 0.0 13.16 3.085
1395.0 0.0 0.0 0.0 0.0 13.69 3.071
1396.0 0.0 0.0 0.0 0.0 14.34 3.065
1397.0 0.0 0.0 0.0 0.0 15.09 3.069
1398.0 0.0 0.0 0.0 0.0 15.78 3.067
1399.0 0.0 0.0 0.0 0.0 16.46 3.085
1400.0 0.0 0.0 0.0 0.0 17.14 3.094
1401.0 0.0 0.0 0.0 0.0 17.81 3.11
1402.0 0.0 0.0 0.0 0.0 18.54 3.136
1403.0 0.0 0.0 0.0 0.0 19.19 3.149
1404.0 0.0 0.0 0.0 0.0 19.8 3.158
1405.0 0.0 0.0 0.0 0.0 20.29 3.191
1406.0 0.0 0.0 0.0 0.0 20.89 3.23
1407.0 0.0 0.0 0.0 0.0 21.46 3.265
1408.0 0.0 0.0 0.0 0.0 22.02 3.298
1409.0 0.0 0.0 0.0 0.0 22.6 3.356
1410.0 0.0 0.0 0.0 0.0 23.13 3.419
1411.0 0.0 0.0 0.0 0.0 23.6 3.476
1412.0 0.0 0.0 0.0 0.0 24.07 3.534
1413.0 0.0 0.0 0.0 0.0 24.5 3.584
1414.0 0.0 0.0 0.0 0.0 24.93 3.632
1415.0 0.0 0.0 0.0 0.0 25.33 3.708
1416.0 0.0 0.0 0.0 0.0 25.71 3.775
1417.0 0.0 0.0 0.0 0.0 26.06 3.847
1418.0 0.0 0.0 0.0 0.0 26.41 3.931
1419.0 0.0 0.0 0.0 0.0 26.73 3.987
1420.0 0.0 0.0 0.0 0.0 27.01 4.071
1421.0 0.0 0.0 0.0 0.0 27.29 4.156
1422.0 0.0 0.0 0.0 0.0 27.56 4.242
1423.0 0.0 0.0 0.0 0.0 27.82 4.32
1424.0 0.0 0.0 0.0 0.0 28.06 4.395
1425.0 0.0 0.0 0.0 0.0 28.35 4.48
1426.0 0.0 0.0 0.0 0.0 28.56 4.561
1427.0 0.0 0.0 0.0 0.0 28.75 4.638
1428.0 0.0 0.0 0.0 0.0 28.92 4.708
1429.0 0.0 0.0 0.0 0.0 29.08 4.782
1430.0 0.0 0.0 0.0 0.0 29.26 4.846
1431.0 0.0 0.0 0.0 0.0 29.4 4.906
1432.0 0.0 0.0 0.0 0.0 29.56 4.974
1433.0 0.0 0.0 0.0 0.0 29.66 5.026
1434.0 0.0 0.0 0.0 0.0 29.82 5.071
1435.0 0.0 0.0 0.0 0.0 29.93 5.131
1436.0 0.0 0.0 0.0 0.0 30.03 5.179
1437.0 0.0 0.0 0.0 0.0 30.14 5.22
1438.0 0.0 0.0 0.0 0.0 30.23 5.271
1439.0 0.0 0.0 0.0 0.0 30.29 5.322
1440.0 0.0 0.0 0.0 0.0 30.36 5.358
1441.0 0.0 0.0 0.0 0.0 30.42 5.403
1442.0 0.0 0.0 0.0 0.0 30.46 5.441
1443.0 0.0 0.0 0.0 0.0 30.49 5.46
1444.0 0.0 0.0 0.0 0.0 30.52 5.481
1445.0 0.0 0.0 0.0 0.0 30.53 5.5
1446.0 0.0 0.0 0.0 0.0 30.55 5.523
1447.0 0.0 0.0 0.0 0.0 30.56 5.548
1448.0 0.0 0.0 0.0 0.0 30.56 5.56
1449.0 0.0 0.0 0.0 0.0 30.55 5.575
1450.0 0.0 0.0 0.0 0.0 30.54 5.582
1451.0 0.0 0.0 0.0 0.0 30.51 5.597
1452.0 0.0 0.0 0.0 0.0 30.49 5.611
1453.0 0.0 0.0 0.0 0.0 30.45 5.639
1454.0 0.0 0.0 0.0 0.0 30.41 5.653
1455.0 0.0 0.0 0.0 0.0 30.35 5.675
1456.0 0.0 0.0 0.0 0.0 30.29 5.682
1457.0 0.0 0.0 0.0 0.0 30.23 5.685
1458.0 0.0 0.0 0.0 0.0 30.14 5.68
1459.0 0.0 0.0 0.0 0.0 30.06 5.689
1460.0 0.0 0.0 0.0 0.0 29.98 5.711
1461.0 0.0 0.0 0.0 0.0 29.83 5.723
1462.0 0.0 0.0 0.0 0.0 29.71 5.715
1463.0 0.0 0.0 0.0 0.0 29.57 5.716
1464.0 0.0 0.0 0.0 0.0 29.36 5.732
1465.0 0.0 0.0 0.0 0.0 29.17 5.741
1466.0 0.0 0.0 0.0 0.0 28.99 5.743
1467.0 0.0 0.0 0.0 0.0 28.72 5.752
1468.0 0.0 0.0 0.0 0.0 28.51 5.745
1469.0 0.0 0.0 0.0 0.0 28.29 5.744
1470.0 0.0 0.0 0.0 0.0 28.0 5.757
1471.0 0.0 0.0 0.0 0.0 27.77 5.766
1472.0 0.0 0.0 0.0 0.0 27.54 5.78
1473.0 0.0 0.0 0.0 0.0 27.22 5.787
1474.0 0.0 0.0 0.0 0.0 26.99 5.798
1475.0 0.0 0.0 0.0 0.0 26.64 5.81
1476.0 0.0 0.0 0.0 0.0 26.38 5.808
1477.0 0.0 0.0 0.0 0.0 26.11 5.815
1478.0 0.0 0.0 0.0 0.0 25.81 5.825
1479.0 0.0 0.0 0.0 0.0 25.55 5.824
1480.0 0.0 0.0 0.0 0.0 25.22 5.827
1481.0 0.0 0.0 0.0 0.0 24.97 5.854
1482.0 0.0 0.0 0.0 0.0 24.68 5.878
1483.0 0.0 0.0 0.0 0.0 24.43 5.9
1484.0 0.0 0.0 0.0 0.0 24.13 5.908
1485.0 0.0 0.0 0.0 0.0 23.88 5.922
1486.0 0.0 0.0 0.0 0.0 23.64 5.94
1487.0 0.0 0.0 0.0 0.0 23.32 5.962
1488.0 0.0 0.0 0.0 0.0 23.07 5.963
1489.0 0.0 0.0 0.0 0.0 22.74 5.966
1490.0 0.0 0.0 0.0 0.0 22.5 5.982
1491.0 0.0 0.0 0.0 0.0 22.18 5.99
1492.0 0.0 0.0 0.0 0.0 21.93 5.994
1493.0 0.0 0.0 0.0 0.0 21.63 6.016
1494.0 0.0 0.0 0.0 0.0 21.39 6.014
1495.0 0.0 0.0 0.0 0.0 21.07 6.025
1496.0 0.0 0.0 0.0 0.0 20.82 6.008
1497.0 0.0 0.0 0.0 0.0 20.52 6.022
1498.0 0.0 0.0 0.0 0.0 20.25 6.021
1499.0 0.0 0.0 0.0 0.0 20.01 6.027
1500.0 0.0 0.0 0.0 0.0 19.72 6.027
1501.0 0.0 0.0 0.0 0.0 19.51 6.035
1502.0 0.0 0.0 0.0 0.0 19.24 6.025
1503.0 0.0 0.0 0.0 0.0 19.0 6.009
1504.0 0.0 0.0 0.0 0.0 18.74 5.989
1505.0 0.0 0.0 0.0 0.0 18.47 5.987
1506.0 0.0 0.0 0.0 0.0 18.27 5.984
1507.0 0.0 0.0 0.0 0.0 18.02 5.971
1508.0 0.0 0.0 0.0 0.0 17.84 5.971
1509.0 0.0 0.0 0.0 0.0 17.58 5.973
1510.0 0.0 0.0 0.0 0.0 17.34 5.951
1511.0 0.0 0.0 0.0 0.0 17.12 5.952
1512.0 0.0 0.0 0.0 0.0 16.88 5.939
1513.0 0.0 0.0 0.0 0.0 16.71 5.933
1514.0 0.0 0.0 0.0 0.0 16.47 5.931
1515.0 0.0 0.0 0.0 0.0 16.23 5.925
1516.0 0.0 0.0 0.0 0.0 16.06 5.909
1517.0 0.0 0.0 0.0 0.0 15.83 5.897
1518.0 0.0 0.0 0.0 0.0 15.62 5.884
1519.0 0.0 0.0 0.0 0.0 15.45 5.881
1520.0 0.0 0.0 0.0 0.0 15.25 5.876
1521.0 0.0 0.0 0.0 0.0 15.04 5.856
1522.0 0.0 0.0 0.0 0.0 14.89 5.843
1523.0 0.0 0.0 0.0 0.0 14.68 5.83
1524.0 0.0 0.0 0.0 0.0 14.47 5.818
1525.0 0.0 0.0 0.0 0.0 14.32 5.807
1526.0 0.0 0.0 0.0 0.0 14.13 5.799
1527.0 0.0 0.0 0.0 0.0 13.95 5.792
1528.0 0.0 0.0 0.0 0.0 13.81 5.776
1529.0 0.0 0.0 0.0 0.0 13.64 5.783
1530.0 0.0 0.0 0.0 0.0 13.48 5.776
1531.0 0.0 0.0 0.0 0.0 13.29 5.767
1532.0 0.0 0.0 0.0 0.0 13.16 5.762
1533.0 0.0 0.0 0.0 0.0 12.98 5.769
1534.0 0.0 0.0 0.0 0.0 12.82 5.756
1535.0 0.0 0.0 0.0 0.0 12.65 5.762
1536.0 0.0 0.0 0.0 0.0 12.54 5.737
1537.0 0.0 0.0 0.0 0.0 12.38 5.74
1538.0 0.0 0.0 0.0 0.0 12.23 5.757
1539.0 0.0 0.0 0.0 0.0 12.06 5.756
1540.0 0.0 0.0 0.0 0.0 11.93 5.751
1541.0 0.0 0.0 0.0 0.0 11.81 5.754
1542.0 0.0 0.0 0.0 0.0 11.66 5.751
1543.0 0.0 0.0 0.0 0.0 11.52 5.75
1544.0 0.0 0.0 0.0 0.0 11.37 5.744
1545.0 0.0 0.0 0.0 0.0 11.26 5.744
1546.0 0.0 0.0 0.0 0.0 11.14 5.754
1547.0 0.0 0.0 0.0 0.0 11.0 5.744
1548.0 0.0 0.0 0.0 0.0 10.88 5.735
1549.0 0.0 0.0 0.0 0.0 10.75 5.74
1550.0 0.0 0.0 0.0 0.0 10.64 5.732
1551.0 0.0 0.0 0.0 0.0 10.54 5.728
1552.0 0.0 0.0 0.0 0.0 10.44 5.731
1553.0 0.0 0.0 0.0 0.0 10.32 5.724
1554.0 0.0 0.0 0.0 0.0 10.22 5.724
1555.0 0.0 0.0 0.0 0.0 10.11 5.715
1556.0 0.0 0.0 0.0 0.0 10.01 5.697
1557.0 0.0 0.0 0.0 0.0 9.912 5.693
1558.0 0.0 0.0 0.0 0.0 9.839 5.703
1559.0 0.0 0.0 0.0 0.0 9.754 5.7
1560.0 0.0 0.0 0.0 0.0 9.66 5.713
1561.0 0.0 0.0 0.0 0.0 9.563 5.728
1562.0 0.0 0.0 0.0 0.0 9.477 5.731
1563.0 0.0 0.0 0.0 0.0 9.383 5.735
1564.0 0.0 0.0 0.0 0.0 9.305 5.743
1565.0 0.0 0.0 0.0 0.0 9.202 5.754
1566.0 0.0 0.0 0.0 0.0 9.133 5.753
1567.0 0.0 0.0 0.0 0.0 9.047 5.744
1568.0 0.0 0.0 0.0 0.0 8.977 5.746
1569.0 0.0 0.0 0.0 0.0 8.898 5.746
1570.0 0.0 0.0 0.0 0.0 8.82 5.746
1571.0 0.0 0.0 0.0 0.0 8.742 5.75
1572.0 0.0 0.0 0.0 0.0 8.665 5.749
1573.0 0.0 0.0 0.0 0.0 8.588 5.743
1574.0 0.0 0.0 0.0 0.0 8.509 5.74
1575.0 0.0 0.0 0.0 0.0 8.448 5.747
1576.0 0.0 0.0 0.0 0.0 8.364 5.739
1577.0 0.0 0.0 0.0 0.0 8.295 5.755
1578.0 0.0 0.0 0.0 0.0 8.234 5.749
1579.0 0.0 0.0 0.0 0.0 8.157 5.753
1580.0 0.0 0.0 0.0 0.0 8.104 5.745
1581.0 0.0 0.0 0.0 0.0 8.036 5.732
1582.0 0.0 0.0 0.0 0.0 7.959 5.735
1583.0 0.0 0.0 0.0 0.0 7.89 5.724
1584.0 0.0 0.0 0.0 0.0 7.834 5.725
1585.0 0.0 0.0 0.0 0.0 7.773 5.712
1586.0 0.0 0.0 0.0 0.0 7.712 5.702
1587.0 0.0 0.0 0.0 0.0 7.654 5.7
1588.0 0.0 0.0 0.0 0.0 7.609 5.699
1589.0 0.0 0.0 0.0 0.0 7.548 5.686
1590.0 0.0 0.0 0.0 0.0 7.495 5.685
1591.0 0.0 0.0 0.0 0.0 7.432 5.672
1592.0 0.0 0.0 0.0 0.0 7.374 5.659
1593.0 0.0 0.0 0.0 0.0 7.315 5.627
1594.0 0.0 0.0 0.0 0.0 7.252 5.613
1595.0 0.0 0.0 0.0 0.0 7.203 5.59
1596.0 0.0 0.0 0.0 0.0 7.164 5.591
1597.0 0.0 0.0 0.0 0.0 7.124 5.563
1598.0 0.0 0.0 0.0 0.0 7.084 5.552
1599.0 0.0 0.0 0.0 0.0 7.041 5.525
1600.0 0.0 0.0 0.0 0.0 6.987 5.517
1601.0 0.0 0.0 0.0 0.0 6.943 5.506
1602.0 0.0 0.0 0.0 0.0 6.91 5.494
1603.0 0.0 0.0 0.0 0.0 6.865 5.459
1604.0 0.0 0.0 0.0 0.0 6.828 5.45
1605.0 0.0 0.0 0.0 0.0 6.776 5.438
1606.0 0.0 0.0 0.0 0.0 6.742 5.428
1607.0 0.0 0.0 0.0 0.0 6.714 5.407
1608.0 0.0 0.0 0.0 0.0 6.695 5.391
1609.0 0.0 0.0 0.0 0.0 6.654 5.382
1610.0 0.0 0.0 0.0 0.0 6.63 5.376
1611.0 0.0 0.0 0.0 0.0 6.599 5.358
1612.0 0.0 0.0 0.0 0.0 6.567 5.347
1613.0 0.0 0.0 0.0 0.0 6.526 5.333
1614.0 0.0 0.0 0.0 0.0 6.501 5.319
1615.0 0.0 0.0 0.0 0.0 6.474 5.301
1616.0 0.0 0.0 0.0 0.0 6.449 5.292
1617.0 0.0 0.0 0.0 0.0 6.42 5.284
1618.0 0.0 0.0 0.0 0.0 6.401 5.274
1619.0 0.0 0.0 0.0 0.0 6.363 5.258
1620.0 0.0 0.0 0.0 0.0 6.345 5.253
1621.0 0.0 0.0 0.0 0.0 6.309 5.249
1622.0 0.0 0.0 0.0 0.0 6.282 5.233
1623.0 0.0 0.0 0.0 0.0 6.25 5.222
1624.0 0.0 0.0 0.0 0.0 6.214 5.211
1625.0 0.0 0.0 0.0 0.0 6.186 5.204
1626.0 0.0 0.0 0.0 0.0 6.163 5.21
1627.0 0.0 0.0 0.0 0.0 6.13 5.2
1628.0 0.0 0.0 0.0 0.0 6.121 5.193
1629.0 0.0 0.0 0.0 0.0 6.091 5.186
1630.0 0.0 0.0 0.0 0.0 6.076 5.177
1631.0 0.0 0.0 0.0 0.0 6.053 5.175
1632.0 0.0 0.0 0.0 0.0 6.048 5.178
1633.0 0.0 0.0 0.0 0.0 6.016 5.173
1634.0 0.0 0.0 0.0 0.0 6.005 5.152
1635.0 0.0 0.0 0.0 0.0 5.982 5.135
1636.0 0.0 0.0 0.0 0.0 5.973 5.139
1637.0 0.0 0.0 0.0 0.0 5.947 5.128
1638.0 0.0 0.0 0.0 0.0 5.94 5.121
1639.0 0.0 0.0 0.0 0.0 5.919 5.114
1640.0 0.0 0.0 0.0 0.0 5.911 5.126
1641.0 0.0 0.0 0.0 0.0 5.887 5.107
1642.0 0.0 0.0 0.0 0.0 5.875 5.104
1643.0 0.0 0.0 0.0 0.0 5.846 5.1
1644.0 0.0 0.0 0.0 0.0 5.826 5.109
1645.0 0.0 0.0 0.0 0.0 5.798 5.114
1646.0 0.0 0.0 0.0 0.0 5.787 5.112
1647.0 0.0 0.0 0.0 0.0 5.751 5.128
1648.0 0.0 0.0 0.0 0.0 5.746 5.136
1649.0 0.0 0.0 0.0 0.0 5.718 5.131
1650.0 0.0 0.0 0.0 0.0 5.705 5.152
1651.0 0.0 0.0 0.0 0.0 5.685 5.175
1652.0 0.0 0.0 0.0 0.0 5.684 5.193
1653.0 0.0 0.0 0.0 0.0 5.657 5.2
1654.0 0.0 0.0 0.0 0.0 5.658 5.244
1655.0 0.0 0.0 0.0 0.0 5.644 5.257
1656.0 0.0 0.0 0.0 0.0 5.648 5.273
1657.0 0.0 0.0 0.0 0.0 5.626 5.289
1658.0 0.0 0.0 0.0 0.0 5.626 5.335
1659.0 0.0 0.0 0.0 0.0 5.619 5.366
1660.0 0.0 0.0 0.0 0.0 5.618 5.389
1661.0 0.0 0.0 0.0 0.0 5.603 5.427
1662.0 0.0 0.0 0.0 0.0 5.614 5.453
1663.0 0.0 0.0 0.0 0.0 5.597 5.49
1664.0 0.0 0.0 0.0 0.0 5.603 5.522
1665.0 0.0 0.0 0.0 0.0 5.582 5.562
1666.0 0.0 0.0 0.0 0.0 5.584 5.605
1667.0 0.0 0.0 0.0 0.0 5.564 5.652
1668.0 0.0 0.0 0.0 0.0 5.563 5.698
1669.0 0.0 0.0 0.0 0.0 5.547 5.744
1670.0 0.0 0.0 0.0 0.0 5.545 5.743
1671.0 0.0 0.0 0.0 0.0 5.536 5.642
1672.0 0.0 0.0 0.0 0.0 5.542 5.689
1673.0 0.0 0.0 0.0 0.0 5.529 5.722
1674.0 0.0 0.0 0.0 0.0 5.532 5.755
1675.0 0.0 0.0 0.0 0.0 5.525 5.798
1676.0 0.0 0.0 0.0 0.0 5.533 5.847
1677.0 0.0 0.0 0.0 0.0 5.528 5.875
1678.0 0.0 0.0 0.0 0.0 5.529 5.918
1679.0 0.0 0.0 0.0 0.0 5.516 5.971
1680.0 0.0 0.0 0.0 0.0 5.524 6.022
1681.0 0.0 0.0 0.0 0.0 5.516 6.061
1682.0 0.0 0.0 0.0 0.0 5.526 6.116
1683.0 0.0 0.0 0.0 0.0 5.52 6.173
1684.0 0.0 0.0 0.0 0.0 5.52 6.214
1685.0 0.0 0.0 0.0 0.0 5.516 6.266
1686.0 0.0 0.0 0.0 0.0 5.522 6.319
1687.0 0.0 0.0 0.0 0.0 5.511 6.381
1688.0 0.0 0.0 0.0 0.0 5.527 6.426
1689.0 0.0 0.0 0.0 0.0 5.511 6.486
1690.0 0.0 0.0 0.0 0.0 5.519 6.541
1691.0 0.0 0.0 0.0 0.0 5.515 6.579
1692.0 0.0 0.0 0.0 0.0 5.52 6.616
1693.0 0.0 0.0 0.0 0.0 5.51 6.666
1694.0 0.0 0.0 0.0 0.0 5.518 6.728
1695.0 0.0 0.0 0.0 0.0 5.523 6.771
1696.0 0.0 0.0 0.0 0.0 5.538 6.807
1697.0 0.0 0.0 0.0 0.0 5.535 6.858
1698.0 0.0 0.0 0.0 0.0 5.544 6.907
1699.0 0.0 0.0 0.0 0.0 5.557 6.959
1700.0 0.0 0.0 0.0 0.0 5.571 7.006
1701.0 0.0 0.0 0.0 0.0 5.583 7.052
1702.0 0.0 0.0 0.0 0.0 5.606 7.093
1703.0 0.0 0.0 0.0 0.0 5.607 7.136
1704.0 0.0 0.0 0.0 0.0 5.629 7.164
1705.0 0.0 0.0 0.0 0.0 5.636 7.199
1706.0 0.0 0.0 0.0 0.0 5.664 7.232
1707.0 0.0 0.0 0.0 0.0 5.67 7.266
1708.0 0.0 0.0 0.0 0.0 5.693 7.315
1709.0 0.0 0.0 0.0 0.0 5.702 7.34
1710.0 0.0 0.0 0.0 0.0 5.733 7.361
1711.0 0.0 0.0 0.0 0.0 5.752 7.399
1712.0 0.0 0.0 0.0 0.0 5.766 7.44
1713.0 0.0 0.0 0.0 0.0 5.776 7.473
1714.0 0.0 0.0 0.0 0.0 5.797 7.505
1715.0 0.0 0.0 0.0 0.0 5.811 7.525
1716.0 0.0 0.0 0.0 0.0 5.829 7.557
1717.0 0.0 0.0 0.0 0.0 5.842 7.579
1718.0 0.0 0.0 0.0 0.0 5.877 7.604
1719.0 0.0 0.0 0.0 0.0 5.891 7.633
1720.0 0.0 0.0 0.0 0.0 5.93 7.653
1721.0 0.0 0.0 0.0 0.0 5.945 7.674
1722.0 0.0 0.0 0.0 0.0 5.972 7.691
1723.0 0.0 0.0 0.0 0.0 5.999 7.699
1724.0 0.0 0.0 0.0 0.0 6.025 7.708
1725.0 0.0 0.0 0.0 0.0 6.051 7.721
1726.0 0.0 0.0 0.0 0.0 6.087 7.73
1727.0 0.0 0.0 0.0 0.0 6.096 7.729
1728.0 0.0 0.0 0.0 0.0 6.136 7.712
1729.0 0.0 0.0 0.0 0.0 6.166 7.702
1730.0 0.0 0.0 0.0 0.0 6.198 7.695
1731.0 0.0 0.0 0.0 0.0 6.219 7.67
1732.0 0.0 0.0 0.0 0.0 6.256 7.644
1733.0 0.0 0.0 0.0 0.0 6.284 7.618
1734.0 0.0 0.0 0.0 0.0 6.335 7.585
1735.0 0.0 0.0 0.0 0.0 6.369 7.555
1736.0 0.0 0.0 0.0 0.0 6.392 7.517
1737.0 0.0 0.0 0.0 0.0 6.445 7.479
1738.0 0.0 0.0 0.0 0.0 6.493 7.451
1739.0 0.0 0.0 0.0 0.0 6.517 7.435
1740.0 0.0 0.0 0.0 0.0 6.571 7.408
1741.0 0.0 0.0 0.0 0.0 6.617 7.379
1742.0 0.0 0.0 0.0 0.0 6.658 7.363
1743.0 0.0 0.0 0.0 0.0 6.689 7.347
1744.0 0.0 0.0 0.0 0.0 6.748 7.332
1745.0 0.0 0.0 0.0 0.0 6.796 7.332
1746.0 0.0 0.0 0.0 0.0 6.842 7.332
1747.0 0.0 0.0 0.0 0.0 6.897 7.304
1748.0 0.0 0.0 0.0 0.0 6.955 7.295
1749.0 0.0 0.0 0.0 0.0 7.003 7.296
1750.0 0.0 0.0 0.0 0.0 7.054 7.291
1751.0 0.0 0.0 0.0 0.0 7.111 7.292
1752.0 0.0 0.0 0.0 0.0 7.179 7.292
1753.0 0.0 0.0 0.0 0.0 7.235 7.281
1754.0 0.0 0.0 0.0 0.0 7.274 7.283
1755.0 0.0 0.0 0.0 0.0 7.339 7.264
1756.0 0.0 0.0 0.0 0.0 7.414 7.25
1757.0 0.0 0.0 0.0 0.0 7.481 7.24
1758.0 0.0 0.0 0.0 0.0 7.536 7.228
1759.0 0.0 0.0 0.0 0.0 7.594 7.21
1760.0 0.0 0.0 0.0 0.0 7.669 7.186
1761.0 0.0 0.0 0.0 0.0 7.734 7.164
1762.0 0.0 0.0 0.0 0.0 7.776 7.143
1763.0 0.0 0.0 0.0 0.0 7.833 7.114
1764.0 0.0 0.0 0.0 0.0 7.893 7.101
1765.0 0.0 0.0 0.0 0.0 7.952 7.069
1766.0 0.0 0.0 0.0 0.0 8.0 7.038
1767.0 0.0 0.0 0.0 0.0 8.045 7.003
1768.0 0.0 0.0 0.0 0.0 8.103 6.974
1769.0 0.0 0.0 0.0 0.0 8.155 6.928
1770.0 0.0 0.0 0.0 0.0 8.205 6.889
1771.0 0.0 0.0 0.0 0.0 8.241 6.839
1772.0 0.0 0.0 0.0 0.0 8.264 6.793
1773.0 0.0 0.0 0.0 0.0 8.321 6.764
1774.0 0.0 0.0 0.0 0.0 8.352 6.729
1775.0 0.0 0.0 0.0 0.0 8.394 6.694
1776.0 0.0 0.0 0.0 0.0 8.43 6.661
1777.0 0.0 0.0 0.0 0.0 8.448 6.613
1778.0 0.0 0.0 0.0 0.0 8.477 6.572
1779.0 0.0 0.0 0.0 0.0 8.512 6.546
1780.0 0.0 0.0 0.0 0.0 8.535 6.522
1781.0 0.0 0.0 0.0 0.0 8.562 6.507
1782.0 0.0 0.0 0.0 0.0 8.593 6.482
1783.0 0.0 0.0 0.0 0.0 8.618 6.484
1784.0 0.0 0.0 0.0 0.0 8.64 6.479
1785.0 0.0 0.0 0.0 0.0 8.67 6.494
1786.0 0.0 0.0 0.0 0.0 8.689 6.496
1787.0 0.0 0.0 0.0 0.0 8.72 6.491
1788.0 0.0 0.0 0.0 0.0 8.738 6.461
1789.0 0.0 0.0 0.0 0.0 8.755 6.44
1790.0 0.0 0.0 0.0 0.0 8.777 6.43
1791.0 0.0 0.0 0.0 0.0 8.778 6.413
1792.0 0.0 0.0 0.0 0.0 8.778 6.421
1793.0 0.0 0.0 0.0 0.0 8.794 6.399
1794.0 0.0 0.0 0.0 0.0 8.805 6.379
1795.0 0.0 0.0 0.0 0.0 8.807 6.365
1796.0 0.0 0.0 0.0 0.0 8.809 6.372
1797.0 0.0 0.0 0.0 0.0 8.811 6.346
1798.0 0.0 0.0 0.0 0.0 8.799 6.321
1799.0 0.0 0.0 0.0 0.0 8.795 6.31
1800.0 0.0 0.0 0.0 0.0 8.789 6.314
1801.0 0.0 0.0 0.0 0.0 8.779 6.282
1802.0 0.0 0.0 0.0 0.0 8.767 6.277
1803.0 0.0 0.0 0.0 0.0 8.754 6.27
1804.0 0.0 0.0 0.0 0.0 8.75 6.258
1805.0 0.0 0.0 0.0 0.0 8.738 6.242
1806.0 0.0 0.0 0.0 0.0 8.739 6.234
1807.0 0.0 0.0 0.0 0.0 8.735 6.221
1808.0 0.0 0.0 0.0 0.0 8.744 6.231
1809.0 0.0 0.0 0.0 0.0 8.753 6.221
1810.0 0.0 0.0 0.0 0.0 8.755 6.205
1811.0 0.0 0.0 0.0 0.0 8.78 6.192
1812.0 0.0 0.0 0.0 0.0 8.787 6.192
1813.0 0.0 0.0 0.0 0.0 8.79 6.179
1814.0 0.0 0.0 0.0 0.0 8.798 6.159
1815.0 0.0 0.0 0.0 0.0 8.794 6.143
1816.0 0.0 0.0 0.0 0.0 8.811 6.143
1817.0 0.0 0.0 0.0 0.0 8.82 6.12
1818.0 0.0 0.0 0.0 0.0 8.836 6.098
1819.0 0.0 0.0 0.0 0.0 8.845 6.087
1820.0 0.0 0.0 0.0 0.0 8.854 6.063
1821.0 0.0 0.0 0.0 0.0 8.858 6.056
1822.0 0.0 0.0 0.0 0.0 8.868 6.053
1823.0 0.0 0.0 0.0 0.0 8.869 6.04
1824.0 0.0 0.0 0.0 0.0 8.884 6.044
1825.0 0.0 0.0 0.0 0.0 8.888 6.007
1826.0 0.0 0.0 0.0 0.0 8.9 5.996
1827.0 0.0 0.0 0.0 0.0 8.922 5.994
1828.0 0.0 0.0 0.0 0.0 8.951 5.997
1829.0 0.0 0.0 0.0 0.0 8.973 5.975
1830.0 0.0 0.0 0.0 0.0 9.01 5.954
1831.0 0.0 0.0 0.0 0.0 9.034 5.946
1832.0 0.0 0.0 0.0 0.0 9.11 5.927
1833.0 0.0 0.0 0.0 0.0 9.146 5.914
1834.0 0.0 0.0 0.0 0.0 9.195 5.89
1835.0 0.0 0.0 0.0 0.0 9.259 5.873
1836.0 0.0 0.0 0.0 0.0 9.315 5.832
1837.0 0.0 0.0 0.0 0.0 9.38 5.794
1838.0 0.0 0.0 0.0 0.0 9.457 5.768
1839.0 0.0 0.0 0.0 0.0 9.535 5.728
1840.0 0.0 0.0 0.0 0.0 9.633 5.681
1841.0 0.0 0.0 0.0 0.0 9.723 5.68
1842.0 0.0 0.0 0.0 0.0 9.824 5.655
1843.0 0.0 0.0 0.0 0.0 9.935 5.648
1844.0 0.0 0.0 0.0 0.0 10.05 5.62
1845.0 0.0 0.0 0.0 0.0 10.18 5.594
1846.0 0.0 0.0 0.0 0.0 10.31 5.567
1847.0 0.0 0.0 0.0 0.0 10.42 5.557
1848.0 0.0 0.0 0.0 0.0 10.59 5.552
1849.0 0.0 0.0 0.0 0.0 10.75 5.553
1850.0 0.0 0.0 0.0 0.0 10.94 5.539
1851.0 0.0 0.0 0.0 0.0 11.1 5.523
1852.0 0.0 0.0 0.0 0.0 11.39 5.507
1853.0 0.0 0.0 0.0 0.0 11.6 5.505
1854.0 0.0 0.0 0.0 0.0 11.84 5.487
1855.0 0.0 0.0 0.0 0.0 12.08 5.474
1856.0 0.0 0.0 0.0 0.0 12.35 5.462
1857.0 0.0 0.0 0.0 0.0 12.66 5.45
1858.0 0.0 0.0 0.0 0.0 13.01 5.448
1859.0 0.0 0.0 0.0 0.0 13.34 5.441
1860.0 0.0 0.0 0.0 0.0 13.75 5.44
1861.0 0.0 0.0 0.0 0.0 14.12 5.442
1862.0 0.0 0.0 0.0 0.0 14.78 5.449
1863.0 0.0 0.0 0.0 0.0 15.29 5.466
1864.0 0.0 0.0 0.0 0.0 15.86 5.461
1865.0 0.0 0.0 0.0 0.0 16.41 5.452
1866.0 0.0 0.0 0.0 0.0 17.09 5.445
1867.0 0.0 0.0 0.0 0.0 17.74 5.412
1868.0 0.0 0.0 0.0 0.0 18.53 5.379
1869.0 0.0 0.0 0.0 0.0 19.25 5.28
1870.0 0.0 0.0 0.0 0.0 20.51 5.228
1871.0 0.0 0.0 0.0 0.0 21.48 5.199
1872.0 0.0 0.0 0.0 0.0 22.5 5.171
1873.0 0.0 0.0 0.0 0.0 23.67 5.139
1874.0 0.0 0.0 0.0 0.0 24.83 5.124
1875.0 0.0 0.0 0.0 0.0 26.22 5.112
1876.0 0.0 0.0 0.0 0.0 27.51 5.129
1877.0 0.0 0.0 0.0 0.0 29.72 5.144
1878.0 0.0 0.0 0.0 0.0 31.44 5.173
1879.0 0.0 0.0 0.0 0.0 33.17 5.176
1880.0 0.0 0.0 0.0 0.0 35.04 5.185
1881.0 0.0 0.0 0.0 0.0 37.25 5.183
1882.0 0.0 0.0 0.0 0.0 39.27 5.2
1883.0 0.0 0.0 0.0 0.0 42.69 5.202
1884.0 0.0 0.0 0.0 0.0 45.3 5.204
1885.0 0.0 0.0 0.0 0.0 47.89 5.224
1886.0 0.0 0.0 0.0 0.0 50.6 5.244
1887.0 0.0 0.0 0.0 0.0 53.6 5.297
1888.0 0.0 0.0 0.0 0.0 57.61 5.318
1889.0 0.0 0.0 0.0 0.0 60.88 5.375
1890.0 0.0 0.0 0.0 0.0 64.01 5.441
1891.0 0.0 0.0 0.0 0.0 67.2 5.491
1892.0 0.0 0.0 0.0 0.0 70.59 5.561
1893.0 0.0 0.0 0.0 0.0 74.97 5.629
1894.0 0.0 0.0 0.0 0.0 78.41 5.687
1895.0 0.0 0.0 0.0 0.0 81.57 5.757
1896.0 0.0 0.0 0.0 0.0 84.69 5.83
1897.0 0.0 0.0 0.0 0.0 87.52 5.911
1898.0 0.0 0.0 0.0 0.0 91.89 5.998
1899.0 0.0 0.0 0.0 0.0 94.56 6.09
1900.0 0.0 0.0 0.0 0.0 97.22 6.193
1901.0 0.0 0.0 0.0 0.0 99.95 6.33
1902.0 0.0 0.0 0.0 0.0 103.3 6.449
1903.0 0.0 0.0 0.0 0.0 105.7 6.581
1904.0 0.0 0.0 0.0 0.0 107.8 6.71
1905.0 0.0 0.0 0.0 0.0 109.7 6.838
1906.0 0.0 0.0 0.0 0.0 112.3 6.97
1907.0 0.0 0.0 0.0 0.0 114.0 7.107
1908.0 0.0 0.0 0.0 0.0 115.7 7.238
1909.0 0.0 0.0 0.0 0.0 117.1 7.388
1910.0 0.0 0.0 0.0 0.0 119.0 7.506
1911.0 0.0 0.0 0.0 0.0 120.3 7.635
1912.0 0.0 0.0 0.0 0.0 121.5 7.767
1913.0 0.0 0.0 0.0 0.0 122.6 7.874
1914.0 0.0 0.0 0.0 0.0 124.0 7.977
1915.0 0.0 0.0 0.0 0.0 124.8 8.071
1916.0 0.0 0.0 0.0 0.0 125.7 8.15
1917.0 0.0 0.0 0.0 0.0 126.5 8.22
1918.0 0.0 0.0 0.0 0.0 127.5 8.292
1919.0 0.0 0.0 0.0 0.0 128.1 8.35
1920.0 0.0 0.0 0.0 0.0 128.6 8.449
1921.0 0.0 0.0 0.0 0.0 129.2 8.521
1922.0 0.0 0.0 0.0 0.0 129.6 8.583
1923.0 0.0 0.0 0.0 0.0 129.9 8.666
1924.0 0.0 0.0 0.0 0.0 130.3 8.723
1925.0 0.0 0.0 0.0 0.0 130.4 8.759
1926.0 0.0 0.0 0.0 0.0 130.6 8.821
1927.0 0.0 0.0 0.0 0.0 130.6 8.864
1928.0 0.0 0.0 0.0 0.0 130.6 8.909
1929.0 0.0 0.0 0.0 0.0 130.5 8.941
1930.0 0.0 0.0 0.0 0.0 130.4 8.949
1931.0 0.0 0.0 0.0 0.0 130.1 8.955
1932.0 0.0 0.0 0.0 0.0 129.9 8.983
1933.0 0.0 0.0 0.0 0.0 129.6 9.022
1934.0 0.0 0.0 0.0 0.0 129.1 9.043
1935.0 0.0 0.0 0.0 0.0 128.7 9.044
1936.0 0.0 0.0 0.0 0.0 128.2 9.028
1937.0 0.0 0.0 0.0 0.0 127.5 9.034
1938.0 0.0 0.0 0.0 0.0 127.0 9.052
1939.0 0.0 0.0 0.0 0.0 126.4 9.048
1940.0 0.0 0.0 0.0 0.0 125.6 9.041
1941.0 0.0 0.0 0.0 0.0 124.9 9.037
1942.0 0.0 0.0 0.0 0.0 124.2 9.036
1943.0 0.0 0.0 0.0 0.0 123.2 9.035
1944.0 0.0 0.0 0.0 0.0 122.4 9.021
1945.0 0.0 0.0 0.0 0.0 121.6 9.016
1946.0 0.0 0.0 0.0 0.0 120.6 9.008
1947.0 0.0 0.0 0.0 0.0 119.7 8.97
1948.0 0.0 0.0 0.0 0.0 119.0 8.974
1949.0 0.0 0.0 0.0 0.0 117.8 8.953
1950.0 0.0 0.0 0.0 0.0 117.0 8.957
1951.0 0.0 0.0 0.0 0.0 115.7 8.937
1952.0 0.0 0.0 0.0 0.0 114.9 8.923
1953.0 0.0 0.0 0.0 0.0 114.0 8.912
1954.0 0.0 0.0 0.0 0.0 112.8 8.895
1955.0 0.0 0.0 0.0 0.0 111.8 8.891
1956.0 0.0 0.0 0.0 0.0 111.0 8.88
1957.0 0.0 0.0 0.0 0.0 109.7 8.867
1958.0 0.0 0.0 0.0 0.0 108.8 8.855
1959.0 0.0 0.0 0.0 0.0 107.6 8.852
1960.0 0.0 0.0 0.0 0.0 106.6 8.861
1961.0 0.0 0.0 0.0 0.0 105.8 8.864
1962.0 0.0 0.0 0.0 0.0 104.4 8.876
1963.0 0.0 0.0 0.0 0.0 103.6 8.869
1964.0 0.0 0.0 0.0 0.0 102.3 8.872
1965.0 0.0 0.0 0.0 0.0 101.4 8.855
1966.0 0.0 0.0 0.0 0.0 100.5 8.828
1967.0 0.0 0.0 0.0 0.0 99.28 8.839
1968.0 0.0 0.0 0.0 0.0 98.31 8.855
1969.0 0.0 0.0 0.0 0.0 97.11 8.856
1970.0 0.0 0.0 0.0 0.0 96.31 8.833
1971.0 0.0 0.0 0.0 0.0 94.88 8.842
1972.0 0.0 0.0 0.0 0.0 94.12 8.843
1973.0 0.0 0.0 0.0 0.0 93.41 8.83
1974.0 0.0 0.0 0.0 0.0 92.06 8.808
1975.0 0.0 0.0 0.0 0.0 91.21 8.818
1976.0 0.0 0.0 0.0 0.0 90.09 8.807
1977.0 0.0 0.0 0.0 0.0 89.29 8.797
1978.0 0.0 0.0 0.0 0.0 88.04 8.794
1979.0 0.0 0.0 0.0 0.0 87.25 8.791
1980.0 0.0 0.0 0.0 0.0 86.11 8.795
1981.0 0.0 0.0 0.0 0.0 85.32 8.771
1982.0 0.0 0.0 0.0 0.0 84.6 8.754
1983.0 0.0 0.0 0.0 0.0 83.36 8.759
1984.0 0.0 0.0 0.0 0.0 82.62 8.76
1985.0 0.0 0.0 0.0 0.0 81.51 8.746
1986.0 0.0 0.0 0.0 0.0 80.76 8.762
1987.0 0.0 0.0 0.0 0.0 79.73 8.778
1988.0 0.0 0.0 0.0 0.0 79.04 8.79
1989.0 0.0 0.0 0.0 0.0 78.0 8.795
1990.0 0.0 0.0 0.0 0.0 77.23 8.811
1991.0 0.0 0.0 0.0 0.0 76.28 8.848
1992.0 0.0 0.0 0.0 0.0 75.57 8.874
1993.0 0.0 0.0 0.0 0.0 74.63 8.885
1994.0 0.0 0.0 0.0 0.0 73.92 8.913
1995.0 0.0 0.0 0.0 0.0 72.98 8.944
1996.0 0.0 0.0 0.0 0.0 72.34 8.98
1997.0 0.0 0.0 0.0 0.0 71.41 8.988
1998.0 0.0 0.0 0.0 0.0 70.82 9.001
1999.0 0.0 0.0 0.0 0.0 69.86 9.034
2000.0 0.0 0.0 0.0 0.0 69.24 9.076
2001.0 0.0 0.0 0.0 0.0 68.65 9.111
2002.0 0.0 0.0 0.0 0.0 67.79 9.141
2003.0 0.0 0.0 0.0 0.0 66.88 9.171
2004.0 0.0 0.0 0.0 0.0 66.34 9.214
2005.0 0.0 0.0 0.0 0.0 65.48 9.255
2006.0 0.0 0.0 0.0 0.0 64.9 9.303
2007.0 0.0 0.0 0.0 0.0 64.12 9.356
2008.0 0.0 0.0 0.0 0.0 63.58 9.406
2009.0 0.0 0.0 0.0 0.0 62.81 9.448
2010.0 0.0 0.0 0.0 0.0 62.32 9.516
2011.0 0.0 0.0 0.0 0.0 61.56 9.578
2012.0 0.0 0.0 0.0 0.0 61.05 9.638
2013.0 0.0 0.0 0.0 0.0 60.29 9.692
2014.0 0.0 0.0 0.0 0.0 59.8 9.763
2015.0 0.0 0.0 0.0 0.0 59.07 9.845
2016.0 0.0 0.0 0.0 0.0 58.57 9.953
2017.0 0.0 0.0 0.0 0.0 57.88 10.04
2018.0 0.0 0.0 0.0 0.0 57.46 10.14
2019.0 0.0 0.0 0.0 0.0 56.8 10.27
2020.0 0.0 0.0 0.0 0.0 56.32 10.39
2021.0 0.0 0.0 0.0 0.0 55.66 10.52
2022.0 0.0 0.0 0.0 0.0 55.03 10.63
2023.0 0.0 0.0 0.0 0.0 54.63 10.77
2024.0 0.0 0.0 0.0 0.0 53.98 10.91
2025.0 0.0 0.0 0.0 0.0 53.56 11.03
2026.0 0.0 0.0 0.0 0.0 52.94 11.19
2027.0 0.0 0.0 0.0 0.0 52.56 11.35
2028.0 0.0 0.0 0.0 0.0 51.97 11.5
2029.0 0.0 0.0 0.0 0.0 51.38 11.65
2030.0 0.0 0.0 0.0 0.0 50.98 11.81
2031.0 0.0 0.0 0.0 0.0 50.47 12.01
2032.0 0.0 0.0 0.0 0.0 50.06 12.17
2033.0 0.0 0.0 0.0 0.0 49.51 12.34
2034.0 0.0 0.0 0.0 0.0 49.15 12.51
2035.0 0.0 0.0 0.0 0.0 48.6 12.69
2036.0 0.0 0.0 0.0 0.0 48.06 12.87
2037.0 0.0 0.0 0.0 0.0 47.73 13.07
2038.0 0.0 0.0 0.0 0.0 47.18 13.25
2039.0 0.0 0.0 0.0 0.0 46.85 13.46
2040.0 0.0 0.0 0.0 0.0 46.35 13.64
2041.0 0.0 0.0 0.0 0.0 45.84 13.84
2042.0 0.0 0.0 0.0 0.0 45.53 14.03
2043.0 0.0 0.0 0.0 0.0 45.03 14.23
2044.0 0.0 0.0 0.0 0.0 44.73 14.41
2045.0 0.0 0.0 0.0 0.0 44.26 14.61
2046.0 0.0 0.0 0.0 0.0 43.79 14.81
2047.0 0.0 0.0 0.0 0.0 43.48 14.99
2048.0 0.0 0.0 0.0 0.0 43.02 15.17
2049.0 0.0 0.0 0.0 0.0 42.73 15.34
2050.0 0.0 0.0 0.0 0.0 42.28 15.54
2051.0 0.0 0.0 0.0 0.0 41.86 15.71
2052.0 0.0 0.0 0.0 0.0 41.55 15.91
2053.0 0.0 0.0 0.0 0.0 41.15 16.07
2054.0 0.0 0.0 0.0 0.0 40.72 16.22
2055.0 0.0 0.0 0.0 0.0 40.46 16.37
2056.0 0.0 0.0 0.0 0.0 40.02 16.53
2057.0 0.0 0.0 0.0 0.0 39.75 16.67
2058.0 0.0 0.0 0.0 0.0 39.34 16.78
2059.0 0.0 0.0 0.0 0.0 38.94 16.9
2060.0 0.0 0.0 0.0 0.0 38.68 16.98
2061.0 0.0 0.0 0.0 0.0 38.27 17.08
2062.0 0.0 0.0 0.0 0.0 37.9 17.18
2063.0 0.0 0.0 0.0 0.0 37.62 17.25
2064.0 0.0 0.0 0.0 0.0 37.26 17.34
2065.0 0.0 0.0 0.0 0.0 36.87 17.39
2066.0 0.0 0.0 0.0 0.0 36.64 17.48
2067.0 0.0 0.0 0.0 0.0 36.28 17.55
2068.0 0.0 0.0 0.0 0.0 35.92 17.61
2069.0 0.0 0.0 0.0 0.0 35.68 17.67
2070.0 0.0 0.0 0.0 0.0 35.36 17.71
2071.0 0.0 0.0 0.0 0.0 34.99 17.77
2072.0 0.0 0.0 0.0 0.0 34.79 17.83
2073.0 0.0 0.0 0.0 0.0 34.47 17.87
2074.0 0.0 0.0 0.0 0.0 34.13 17.94
2075.0 0.0 0.0 0.0 0.0 33.92 17.95
2076.0 0.0 0.0 0.0 0.0 33.63 17.99
2077.0 0.0 0.0 0.0 0.0 33.29 18.05
2078.0 0.0 0.0 0.0 0.0 33.09 18.09
2079.0 0.0 0.0 0.0 0.0 32.8 18.13
2080.0 0.0 0.0 0.0 0.0 32.51 18.2
2081.0 0.0 0.0 0.0 0.0 32.31 18.27
2082.0 0.0 0.0 0.0 0.0 32.0 18.3
2083.0 0.0 0.0 0.0 0.0 31.72 18.35
2084.0 0.0 0.0 0.0 0.0 31.54 18.41
2085.0 0.0 0.0 0.0 0.0 31.27 18.46
2086.0 0.0 0.0 0.0 0.0 30.97 18.52
2087.0 0.0 0.0 0.0 0.0 30.71 18.56
2088.0 0.0 0.0 0.0 0.0 30.52 18.61
2089.0 0.0 0.0 0.0 0.0 30.25 18.66
2090.0 0.0 0.0 0.0 0.0 29.99 18.71
2091.0 0.0 0.0 0.0 0.0 29.8 18.76
2092.0 0.0 0.0 0.0 0.0 29.58 18.81
2093.0 0.0 0.0 0.0 0.0 29.29 18.85
2094.0 0.0 0.0 0.0 0.0 29.06 18.9
2095.0 0.0 0.0 0.0 0.0 28.88 18.96
2096.0 0.0 0.0 0.0 0.0 28.65 19.03
2097.0 0.0 0.0 0.0 0.0 28.4 19.07
2098.0 0.0 0.0 0.0 0.0 28.22 19.11
2099.0 0.0 0.0 0.0 0.0 27.99 19.16
2100.0 0.0 0.0 0.0 0.0 27.76 19.21
2101.0 0.0 0.0 0.0 0.0 27.51 19.27
2102.0 0.0 0.0 0.0 0.0 27.37 19.29
2103.0 0.0 0.0 0.0 0.0 27.13 19.32
2104.0 0.0 0.0 0.0 0.0 26.92 19.35
2105.0 0.0 0.0 0.0 0.0 26.71 19.36
2106.0 0.0 0.0 0.0 0.0 26.57 19.4
2107.0 0.0 0.0 0.0 0.0 26.37 19.43
2108.0 0.0 0.0 0.0 0.0 26.17 19.47
2109.0 0.0 0.0 0.0 0.0 25.97 19.51
2110.0 0.0 0.0 0.0 0.0 25.84 19.53
2111.0 0.0 0.0 0.0 0.0 25.65 19.56
2112.0 0.0 0.0 0.0 0.0 25.47 19.6
2113.0 0.0 0.0 0.0 0.0 25.28 19.61
2114.0 0.0 0.0 0.0 0.0 25.18 19.62
2115.0 0.0 0.0 0.0 0.0 25.01 19.66
2116.0 0.0 0.0 0.0 0.0 24.85 19.66
2117.0 0.0 0.0 0.0 0.0 24.66 19.69
2118.0 0.0 0.0 0.0 0.0 24.55 19.7
2119.0 0.0 0.0 0.0 0.0 24.38 19.72
2120.0 0.0 0.0 0.0 0.0 24.2 19.74
2121.0 0.0 0.0 0.0 0.0 24.01 19.74
2122.0 0.0 0.0 0.0 0.0 23.86 19.76
2123.0 0.0 0.0 0.0 0.0 23.74 19.78
2124.0 0.0 0.0 0.0 0.0 23.58 19.79
2125.0 0.0 0.0 0.0 0.0 23.42 19.82
2126.0 0.0 0.0 0.0 0.0 23.28 19.82
2127.0 0.0 0.0 0.0 0.0 23.18 19.83
2128.0 0.0 0.0 0.0 0.0 23.04 19.86
2129.0 0.0 0.0 0.0 0.0 22.89 19.88
2130.0 0.0 0.0 0.0 0.0 22.75 19.89
2131.0 0.0 0.0 0.0 0.0 22.62 19.89
2132.0 0.0 0.0 0.0 0.0 22.52 19.93
2133.0 0.0 0.0 0.0 0.0 22.39 19.93
2134.0 0.0 0.0 0.0 0.0 22.27 19.97
2135.0 0.0 0.0 0.0 0.0 22.14 20.01
2136.0 0.0 0.0 0.0 0.0 22.02 20.01
2137.0 0.0 0.0 0.0 0.0 21.94 20.04
2138.0 0.0 0.0 0.0 0.0 21.83 20.07
2139.0 0.0 0.0 0.0 0.0 21.72 20.11
2140.0 0.0 0.0 0.0 0.0 21.62 20.13
2141.0 0.0 0.0 0.0 0.0 21.5 20.15
2142.0 0.0 0.0 0.0 0.0 21.4 20.17
2143.0 0.0 0.0 0.0 0.0 21.33 20.19
2144.0 0.0 0.0 0.0 0.0 21.23 20.22
2145.0 0.0 0.0 0.0 0.0 21.12 20.23
2146.0 0.0 0.0 0.0 0.0 21.02 20.23
2147.0 0.0 0.0 0.0 0.0 20.91 20.26
2148.0 0.0 0.0 0.0 0.0 20.85 20.27
2149.0 0.0 0.0 0.0 0.0 20.77 20.29
2150.0 0.0 0.0 0.0 0.0 20.67 20.28
2151.0 0.0 0.0 0.0 0.0 20.58 20.27
2152.0 0.0 0.0 0.0 0.0 20.49 20.29
2153.0 0.0 0.0 0.0 0.0 20.4 20.29
2154.0 0.0 0.0 0.0 0.0 20.33 20.31
2155.0 0.0 0.0 0.0 0.0 20.27 20.29
2156.0 0.0 0.0 0.0 0.0 20.18 20.26
2157.0 0.0 0.0 0.0 0.0 20.1 20.3
2158.0 0.0 0.0 0.0 0.0 20.02 20.3
2159.0 0.0 0.0 0.0 0.0 19.95 20.3
2160.0 0.0 0.0 0.0 0.0 19.87 20.3
2161.0 0.0 0.0 0.0 0.0 19.83 20.31
2162.0 0.0 0.0 0.0 0.0 19.76 20.29
2163.0 0.0 0.0 0.0 0.0 19.69 20.29
2164.0 0.0 0.0 0.0 0.0 19.63 20.26
2165.0 0.0 0.0 0.0 0.0 19.58 20.25
2166.0 0.0 0.0 0.0 0.0 19.52 20.23
2167.0 0.0 0.0 0.0 0.0 19.46 20.2
2168.0 0.0 0.0 0.0 0.0 19.42 20.16
2169.0 0.0 0.0 0.0 0.0 19.38 20.15
2170.0 0.0 0.0 0.0 0.0 19.33 20.12
2171.0 0.0 0.0 0.0 0.0 19.28 20.09
2172.0 0.0 0.0 0.0 0.0 19.23 20.07
2173.0 0.0 0.0 0.0 0.0 19.18 20.03
2174.0 0.0 0.0 0.0 0.0 19.13 19.98
2175.0 0.0 0.0 0.0 0.0 19.09 19.95
2176.0 0.0 0.0 0.0 0.0 19.04 19.91
2177.0 0.0 0.0 0.0 0.0 19.0 19.86
2178.0 0.0 0.0 0.0 0.0 18.96 19.8
2179.0 0.0 0.0 0.0 0.0 18.89 19.75
2180.0 0.0 0.0 0.0 0.0 18.84 19.69
2181.0 0.0 0.0 0.0 0.0 18.8 19.64
2182.0 0.0 0.0 0.0 0.0 18.74 19.59
2183.0 0.0 0.0 0.0 0.0 18.7 19.53
2184.0 0.0 0.0 0.0 0.0 18.66 19.47
2185.0 0.0 0.0 0.0 0.0 18.6 19.41
2186.0 0.0 0.0 0.0 0.0 18.56 19.36
2187.0 0.0 0.0 0.0 0.0 18.52 19.31
2188.0 0.0 0.0 0.0 0.0 18.49 19.22
2189.0 0.0 0.0 0.0 0.0 18.45 19.18
2190.0 0.0 0.0 0.0 0.0 18.43 19.12
2191.0 0.0 0.0 0.0 0.0 18.39 19.05
2192.0 0.0 0.0 0.0 0.0 18.37 18.99
2193.0 0.0 0.0 0.0 0.0 18.37 18.9
2194.0 0.0 0.0 0.0 0.0 18.38 18.85
2195.0 0.0 0.0 0.0 0.0 18.37 18.81
2196.0 0.0 0.0 0.0 0.0 18.36 18.74
2197.0 0.0 0.0 0.0 0.0 18.35 18.67
2198.0 0.0 0.0 0.0 0.0 18.35 18.61
2199.0 0.0 0.0 0.0 0.0 18.35 18.58
2200.0 0.0 0.0 0.0 0.0 18.34 18.52
2201.0 0.0 0.0 0.0 0.0 18.33 18.46
2202.0 0.0 0.0 0.0 0.0 18.33 18.4
2203.0 0.0 0.0 0.0 0.0 18.33 18.34
2204.0 0.0 0.0 0.0 0.0 18.34 18.29
2205.0 0.0 0.0 0.0 0.0 18.33 18.24
2206.0 0.0 0.0 0.0 0.0 18.34 18.18
2207.0 0.0 0.0 0.0 0.0 18.34 18.13
2208.0 0.0 0.0 0.0 0.0 18.32 18.07
2209.0 0.0 0.0 0.0 0.0 18.31 18.03
2210.0 0.0 0.0 0.0 0.0 18.29 17.98
2211.0 0.0 0.0 0.0 0.0 18.28 17.92
2212.0 0.0 0.0 0.0 0.0 18.28 17.87
2213.0 0.0 0.0 0.0 0.0 18.29 17.82
2214.0 0.0 0.0 0.0 0.0 18.29 17.8
2215.0 0.0 0.0 0.0 0.0 18.3 17.75
2216.0 0.0 0.0 0.0 0.0 18.32 17.73
2217.0 0.0 0.0 0.0 0.0 18.35 17.68
2218.0 0.0 0.0 0.0 0.0 18.36 17.68
2219.0 0.0 0.0 0.0 0.0 18.37 17.66
2220.0 0.0 0.0 0.0 0.0 18.37 17.63
2221.0 0.0 0.0 0.0 0.0 18.38 17.62
2222.0 0.0 0.0 0.0 0.0 18.37 17.63
2223.0 0.0 0.0 0.0 0.0 18.4 17.64
2224.0 0.0 0.0 0.0 0.0 18.42 17.64
2225.0 0.0 0.0 0.0 0.0 18.43 17.66
2226.0 0.0 0.0 0.0 0.0 18.46 17.7
2227.0 0.0 0.0 0.0 0.0 18.49 17.74
2228.0 0.0 0.0 0.0 0.0 18.51 17.79
2229.0 0.0 0.0 0.0 0.0 18.54 17.86
2230.0 0.0 0.0 0.0 0.0 18.57 17.95
2231.0 0.0 0.0 0.0 0.0 18.58 18.03
2232.0 0.0 0.0 0.0 0.0 18.6 18.14
2233.0 0.0 0.0 0.0 0.0 18.64 18.25
2234.0 0.0 0.0 0.0 0.0 18.65 18.36
2235.0 0.0 0.0 0.0 0.0 18.67 18.51
2236.0 0.0 0.0 0.0 0.0 18.7 18.66
2237.0 0.0 0.0 0.0 0.0 18.75 18.81
2238.0 0.0 0.0 0.0 0.0 18.79 18.95
2239.0 0.0 0.0 0.0 0.0 18.83 19.13
2240.0 0.0 0.0 0.0 0.0 18.88 19.31
2241.0 0.0 0.0 0.0 0.0 18.93 19.51
2242.0 0.0 0.0 0.0 0.0 18.97 19.72
2243.0 0.0 0.0 0.0 0.0 19.03 19.94
2244.0 0.0 0.0 0.0 0.0 19.08 20.17
2245.0 0.0 0.0 0.0 0.0 19.13 20.4
2246.0 0.0 0.0 0.0 0.0 19.19 20.65
2247.0 0.0 0.0 0.0 0.0 19.24 20.89
2248.0 0.0 0.0 0.0 0.0 19.29 21.14
2249.0 0.0 0.0 0.0 0.0 19.34 21.4
2250.0 0.0 0.0 0.0 0.0 19.4 21.63
2251.0 0.0 0.0 0.0 0.0 19.46 21.86
2252.0 0.0 0.0 0.0 0.0 19.51 22.1
2253.0 0.0 0.0 0.0 0.0 19.61 22.36
2254.0 0.0 0.0 0.0 0.0 19.66 22.62
2255.0 0.0 0.0 0.0 0.0 19.73 22.9
2256.0 0.0 0.0 0.0 0.0 19.8 23.13
2257.0 0.0 0.0 0.0 0.0 19.85 23.39
2258.0 0.0 0.0 0.0 0.0 19.91 23.61
2259.0 0.0 0.0 0.0 0.0 19.97 23.86
2260.0 0.0 0.0 0.0 0.0 20.04 24.1
2261.0 0.0 0.0 0.0 0.0 20.13 24.34
2262.0 0.0 0.0 0.0 0.0 20.2 24.55
2263.0 0.0 0.0 0.0 0.0 20.27 24.79
2264.0 0.0 0.0 0.0 0.0 20.38 24.99
2265.0 0.0 0.0 0.0 0.0 20.46 25.21
2266.0 0.0 0.0 0.0 0.0 20.54 25.41
2267.0 0.0 0.0 0.0 0.0 20.62 25.62
2268.0 0.0 0.0 0.0 0.0 20.71 25.83
2269.0 0.0 0.0 0.0 0.0 20.79 26.05
2270.0 0.0 0.0 0.0 0.0 20.87 26.26
2271.0 0.0 0.0 0.0 0.0 20.94 26.43
2272.0 0.0 0.0 0.0 0.0 21.03 26.57
2273.0 0.0 0.0 0.0 0.0 21.11 26.74
2274.0 0.0 0.0 0.0 0.0 21.26 26.88
2275.0 0.0 0.0 0.0 0.0 21.35 27.01
2276.0 0.0 0.0 0.0 0.0 21.45 27.18
2277.0 0.0 0.0 0.0 0.0 21.53 27.32
2278.0 0.0 0.0 0.0 0.0 21.64 27.42
2279.0 0.0 0.0 0.0 0.0 21.74 27.54
2280.0 0.0 0.0 0.0 0.0 21.83 27.63
2281.0 0.0 0.0 0.0 0.0 21.92 27.77
2282.0 0.0 0.0 0.0 0.0 22.02 27.94
2283.0 0.0 0.0 0.0 0.0 22.12 28.04
2284.0 0.0 0.0 0.0 0.0 22.23 28.21
2285.0 0.0 0.0 0.0 0.0 22.34 28.36
2286.0 0.0 0.0 0.0 0.0 22.45 28.5
2287.0 0.0 0.0 0.0 0.0 22.64 28.63
2288.0 0.0 0.0 0.0 0.0 22.76 28.78
2289.0 0.0 0.0 0.0 0.0 22.87 28.96
2290.0 0.0 0.0 0.0 0.0 23.01 29.13
2291.0 0.0 0.0 0.0 0.0 23.13 29.22
2292.0 0.0 0.0 0.0 0.0 23.27 29.37
2293.0 0.0 0.0 0.0 0.0 23.38 29.47
2294.0 0.0 0.0 0.0 0.0 23.51 29.6
2295.0 0.0 0.0 0.0 0.0 23.63 29.7
2296.0 0.0 0.0 0.0 0.0 23.77 29.82
2297.0 0.0 0.0 0.0 0.0 23.85 29.97
2298.0 0.0 0.0 0.0 0.0 24.09 30.06
2299.0 0.0 0.0 0.0 0.0 24.18 30.18
2300.0 0.0 0.0 0.0 0.0 24.33 30.28
2301.0 0.0 0.0 0.0 0.0 24.44 30.4
2302.0 0.0 0.0 0.0 0.0 24.59 30.53
2303.0 0.0 0.0 0.0 0.0 24.7 30.6
2304.0 0.0 0.0 0.0 0.0 24.85 30.66
2305.0 0.0 0.0 0.0 0.0 24.95 30.7
2306.0 0.0 0.0 0.0 0.0 25.23 30.76
2307.0 0.0 0.0 0.0 0.0 25.34 30.78
2308.0 0.0 0.0 0.0 0.0 25.49 30.75
2309.0 0.0 0.0 0.0 0.0 25.64 30.74
2310.0 0.0 0.0 0.0 0.0 25.79 30.72
2311.0 0.0 0.0 0.0 0.0 25.92 30.65
2312.0 0.0 0.0 0.0 0.0 26.11 30.58
2313.0 0.0 0.0 0.0 0.0 26.23 30.51
2314.0 0.0 0.0 0.0 0.0 26.53 30.45
2315.0 0.0 0.0 0.0 0.0 26.64 30.34
2316.0 0.0 0.0 0.0 0.0 26.81 30.29
2317.0 0.0 0.0 0.0 0.0 26.95 30.23
2318.0 0.0 0.0 0.0 0.0 27.12 30.15
2319.0 0.0 0.0 0.0 0.0 27.27 30.04
2320.0 0.0 0.0 0.0 0.0 27.44 30.0
2321.0 0.0 0.0 0.0 0.0 27.56 29.98
2322.0 0.0 0.0 0.0 0.0 27.89 29.91
2323.0 0.0 0.0 0.0 0.0 28.02 29.86
2324.0 0.0 0.0 0.0 0.0 28.19 29.84
2325.0 0.0 0.0 0.0 0.0 28.38 29.81
2326.0 0.0 0.0 0.0 0.0 28.55 29.76
2327.0 0.0 0.0 0.0 0.0 28.69 29.73
2328.0 0.0 0.0 0.0 0.0 29.03 29.76
2329.0 0.0 0.0 0.0 0.0 29.16 29.77
2330.0 0.0 0.0 0.0 0.0 29.34 29.79
2331.0 0.0 0.0 0.0 0.0 29.51 29.81
2332.0 0.0 0.0 0.0 0.0 29.69 29.85
2333.0 0.0 0.0 0.0 0.0 29.88 29.89
2334.0 0.0 0.0 0.0 0.0 30.02 29.99
2335.0 0.0 0.0 0.0 0.0 30.38 30.0
2336.0 0.0 0.0 0.0 0.0 30.54 30.05
2337.0 0.0 0.0 0.0 0.0 30.73 30.07
2338.0 0.0 0.0 0.0 0.0 30.92 30.11
2339.0 0.0 0.0 0.0 0.0 31.07 30.17
2340.0 0.0 0.0 0.0 0.0 31.45 30.22
2341.0 0.0 0.0 0.0 0.0 31.6 30.23
2342.0 0.0 0.0 0.0 0.0 31.8 30.29
2343.0 0.0 0.0 0.0 0.0 31.99 30.28
2344.0 0.0 0.0 0.0 0.0 32.19 30.29
2345.0 0.0 0.0 0.0 0.0 32.38 30.27
2346.0 0.0 0.0 0.0 0.0 32.72 30.27
2347.0 0.0 0.0 0.0 0.0 32.9 30.24
2348.0 0.0 0.0 0.0 0.0 33.11 30.19
2349.0 0.0 0.0 0.0 0.0 33.31 30.1
2350.0 0.0 0.0 0.0 0.0 33.48 30.1
2351.0 0.0 0.0 0.0 0.0 33.88 30.03
2352.0 0.0 0.0 0.0 0.0 34.04 29.93
2353.0 0.0 0.0 0.0 0.0 34.26 29.83
2354.0 0.0 0.0 0.0 0.0 34.47 29.84
2355.0 0.0 0.0 0.0 0.0 34.68 29.75
2356.0 0.0 0.0 0.0 0.0 34.86 29.66
2357.0 0.0 0.0 0.0 0.0 35.28 29.58
2358.0 0.0 0.0 0.0 0.0 35.47 29.48
2359.0 0.0 0.0 0.0 0.0 35.7 29.3
2360.0 0.0 0.0 0.0 0.0 35.92 29.26
2361.0 0.0 0.0 0.0 0.0 36.1 29.2
2362.0 0.0 0.0 0.0 0.0 36.56 29.13
2363.0 0.0 0.0 0.0 0.0 36.75 29.02
2364.0 0.0 0.0 0.0 0.0 36.97 28.9
2365.0 0.0 0.0 0.0 0.0 37.16 28.82
2366.0 0.0 0.0 0.0 0.0 37.61 28.72
2367.0 0.0 0.0 0.0 0.0 37.77 28.73
2368.0 0.0 0.0 0.0 0.0 38.01 28.7
2369.0 0.0 0.0 0.0 0.0 38.27 28.65
2370.0 0.0 0.0 0.0 0.0 38.48 28.58
2371.0 0.0 0.0 0.0 0.0 38.92 28.54
2372.0 0.0 0.0 0.0 0.0 39.13 28.5
2373.0 0.0 0.0 0.0 0.0 39.38 28.46
2374.0 0.0 0.0 0.0 0.0 39.57 28.38
2375.0 0.0 0.0 0.0 0.0 40.07 28.34
2376.0 0.0 0.0 0.0 0.0 40.24 28.23
2377.0 0.0 0.0 0.0 0.0 40.5 28.2
2378.0 0.0 0.0 0.0 0.0 40.78 28.17
2379.0 0.0 0.0 0.0 0.0 40.96 28.09
2380.0 0.0 0.0 0.0 0.0 41.47 28.03
2381.0 0.0 0.0 0.0 0.0 41.67 28.03
2382.0 0.0 0.0 0.0 0.0 41.96 28.01
2383.0 0.0 0.0 0.0 0.0 42.2 27.94
2384.0 0.0 0.0 0.0 0.0 42.68 27.91
2385.0 0.0 0.0 0.0 0.0 42.93 27.9
2386.0 0.0 0.0 0.0 0.0 43.19 27.84
2387.0 0.0 0.0 0.0 0.0 43.42 27.79
2388.0 0.0 0.0 0.0 0.0 43.88 27.81
2389.0 0.0 0.0 0.0 0.0 44.13 27.82
2390.0 0.0 0.0 0.0 0.0 44.39 27.81
2391.0 0.0 0.0 0.0 0.0 44.64 27.81
2392.0 0.0 0.0 0.0 0.0 45.13 27.83
2393.0 0.0 0.0 0.0 0.0 45.38 27.85
2394.0 0.0 0.0 0.0 0.0 45.65 27.85
2395.0 0.0 0.0 0.0 0.0 45.9 27.82
2396.0 0.0 0.0 0.0 0.0 46.38 27.82
2397.0 0.0 0.0 0.0 0.0 46.63 27.79
2398.0 0.0 0.0 0.0 0.0 46.9 27.79
2399.0 0.0 0.0 0.0 0.0 47.14 27.78
2400.0 0.0 0.0 0.0 0.0 47.64 27.83
2401.0 0.0 0.0 0.0 0.0 47.87 27.84
2402.0 0.0 0.0 0.0 0.0 48.17 27.88
2403.0 0.0 0.0 0.0 0.0 48.36 27.91
2404.0 0.0 0.0 0.0 0.0 48.94 27.99
2405.0 0.0 0.0 0.0 0.0 49.17 28.04
2406.0 0.0 0.0 0.0 0.0 49.4 28.12
2407.0 0.0 0.0 0.0 0.0 49.97 28.11
2408.0 0.0 0.0 0.0 0.0 50.21 28.19
2409.0 0.0 0.0 0.0 0.0 50.5 28.19
2410.0 0.0 0.0 0.0 0.0 50.78 28.17
2411.0 0.0 0.0 0.0 0.0 51.31 28.17
2412.0 0.0 0.0 0.0 0.0 51.59 28.31
2413.0 0.0 0.0 0.0 0.0 51.91 28.37
2414.0 0.0 0.0 0.0 0.0 52.46 28.48
2415.0 0.0 0.0 0.0 0.0 52.75 28.53
2416.0 0.0 0.0 0.0 0.0 53.1 28.59
2417.0 0.0 0.0 0.0 0.0 53.39 28.7
2418.0 0.0 0.0 0.0 0.0 54.01 28.74
2419.0 0.0 0.0 0.0 0.0 54.29 28.87
2420.0 0.0 0.0 0.0 0.0 54.62 28.98
2421.0 0.0 0.0 0.0 0.0 55.23 29.1
2422.0 0.0 0.0 0.0 0.0 55.55 29.23
2423.0 0.0 0.0 0.0 0.0 55.88 29.34
2424.0 0.0 0.0 0.0 0.0 56.18 29.44
2425.0 0.0 0.0 0.0 0.0 56.86 29.59
2426.0 0.0 0.0 0.0 0.0 57.13 29.73
2427.0 0.0 0.0 0.0 0.0 57.46 29.87
2428.0 0.0 0.0 0.0 0.0 58.08 30.02
2429.0 0.0 0.0 0.0 0.0 58.41 30.16
2430.0 0.0 0.0 0.0 0.0 58.78 30.35
2431.0 0.0 0.0 0.0 0.0 59.46 30.43
2432.0 0.0 0.0 0.0 0.0 59.76 30.64
2433.0 0.0 0.0 0.0 0.0 60.09 30.84
2434.0 0.0 0.0 0.0 0.0 60.39 30.98
2435.0 0.0 0.0 0.0 0.0 61.07 31.22
2436.0 0.0 0.0 0.0 0.0 61.46 31.32
2437.0 0.0 0.0 0.0 0.0 61.8 31.51
2438.0 0.0 0.0 0.0 0.0 62.5 31.64
2439.0 0.0 0.0 0.0 0.0 62.86 31.84
2440.0 0.0 0.0 0.0 0.0 63.16 32.04
2441.0 0.0 0.0 0.0 0.0 63.92 32.21
2442.0 0.0 0.0 0.0 0.0 64.27 32.33
2443.0 0.0 0.0 0.0 0.0 64.62 32.55
2444.0 0.0 0.0 0.0 0.0 65.39 32.82
2445.0 0.0 0.0 0.0 0.0 65.74 33.15
2446.0 0.0 0.0 0.0 0.0 66.09 33.39
2447.0 0.0 0.0 0.0 0.0 66.85 33.6
2448.0 0.0 0.0 0.0 0.0 67.25 33.84
2449.0 0.0 0.0 0.0 0.0 67.59 34.1
2450.0 0.0 0.0 0.0 0.0 68.42 34.26
2451.0 0.0 0.0 0.0 0.0 68.81 34.52
2452.0 0.0 0.0 0.0 0.0 69.18 34.72
2453.0 0.0 0.0 0.0 0.0 70.09 34.97
2454.0 0.0 0.0 0.0 0.0 70.46 35.19
2455.0 0.0 0.0 0.0 0.0 70.84 35.39
2456.0 0.0 0.0 0.0 0.0 71.74 35.61
2457.0 0.0 0.0 0.0 0.0 72.12 35.78
2458.0 0.0 0.0 0.0 0.0 72.49 36.04
2459.0 0.0 0.0 0.0 0.0 73.4 36.18
2460.0 0.0 0.0 0.0 0.0 73.81 36.36
2461.0 0.0 0.0 0.0 0.0 74.23 36.6
2462.0 0.0 0.0 0.0 0.0 75.14 36.74
2463.0 0.0 0.0 0.0 0.0 75.54 36.82
2464.0 0.0 0.0 0.0 0.0 75.91 36.99
2465.0 0.0 0.0 0.0 0.0 76.75 37.11
2466.0 0.0 0.0 0.0 0.0 77.18 37.35
2467.0 0.0 0.0 0.0 0.0 78.01 37.58
2468.0 0.0 0.0 0.0 0.0 78.39 37.92
2469.0 0.0 0.0 0.0 0.0 78.8 37.96
2470.0 0.0 0.0 0.0 0.0 79.7 38.12
2471.0 0.0 0.0 0.0 0.0 80.05 38.21
2472.0 0.0 0.0 0.0 0.0 80.46 38.33
2473.0 0.0 0.0 0.0 0.0 81.36 38.56
2474.0 0.0 0.0 0.0 0.0 81.73 38.74
2475.0 0.0 0.0 0.0 0.0 82.15 38.77
2476.0 0.0 0.0 0.0 0.0 82.95 38.84
2477.0 0.0 0.0 0.0 0.0 83.38 38.83
2478.0 0.0 0.0 0.0 0.0 84.23 38.79
2479.0 0.0 0.0 0.0 0.0 84.74 38.86
2480.0 0.0 0.0 0.0 0.0 85.1 39.0
2481.0 0.0 0.0 0.0 0.0 85.84 39.0
2482.0 0.0 0.0 0.0 0.0 86.17 39.06
2483.0 0.0 0.0 0.0 0.0 86.37 39.05
2484.0 0.0 0.0 0.0 0.0 87.08 39.16
2485.0 0.0 0.0 0.0 0.0 87.62 39.28
2486.0 0.0 0.0 0.0 0.0 88.84 39.48
2487.0 0.0 0.0 0.0 0.0 89.04 39.43
2488.0 0.0 0.0 0.0 0.0 89.45 39.51
2489.0 0.0 0.0 0.0 0.0 90.55 39.64
2490.0 0.0 0.0 0.0 0.0 90.89 39.53
2491.0 0.0 0.0 0.0 0.0 91.34 39.6
2492.0 0.0 0.0 0.0 0.0 92.04 39.58
2493.0 0.0 0.0 0.0 0.0 92.44 39.54
2494.0 0.0 0.0 0.0 0.0 93.08 39.4
2495.0 0.0 0.0 0.0 0.0 93.33 39.36
2496.0 0.0 0.0 0.0 0.0 93.58 39.17
2497.0 0.0 0.0 0.0 0.0 94.16 39.26
2498.0 0.0 0.0 0.0 0.0 94.48 38.93
2499.0 0.0 0.0 0.0 0.0 94.99 39.21
2500.0 0.0 0.0 0.0 0.0 95.3 38.71
